753921.901,4439038.569,-2
753936.896,4439038.109,-3
753937.171,4439061.958,-4
753906.446,4439051.408,-4
753938.340,4439010.487,-4.5
753904.334,4439014.266,-5
753915.894,4438986.961,-5
753966.237,4439025.656,-5
753947.507,4438983.145,-5.5
753924.937,4438967.440,-6
753919.712,4439079.822,-7
753916.168,4438951.984,-7
753878.105,4438982.635,-8
753948.144,4438920.176,-8
753876.763,4439007.006,-9
753963.844,4439045.665,-9
753977.709,4438970.028,-9
753943.662,4438950.542,-9
753905.754,4439114.207,-12.7
753999.148,4439092.192,-14
753910.075,4438952.498,-14
751742.496,4437968.769,-17.8
751346.780,4438074.523,-19.5
754519.339,4438194.418,-0.2
753837.745,4438441.415,-0.3
754001.029,4437920.019,-0.3
756094.427,4437388.900,-0.4
757731.869,4434263.581,-0.4
756541.264,4437072.349,-0.5
756657.176,4436960.072,-0.5
757536.354,4435405.803,-0.5
755875.115,4437530.960,-0.6
756155.681,4437315.440,-0.6
757460.011,4435585.970,-0.7
757724.784,4434644.324,-0.7
757727.534,4434053.644,-0.7
756952.389,4431933.830,-0.7
753676.031,4438221.879,-0.8
756456.346,4437150.648,-0.8
757211.633,4436138.384,-0.8
757737.419,4434340.567,-0.8
754130.266,4438313.972,-0.9
753639.234,4438129.210,-0.9
753565.241,4438109.081,-0.9
754883.562,4437984.553,-0.9
755558.089,4437715.200,-0.9
755919.783,4437427.400,-0.9
757121.354,4436288.131,-0.9
757175.472,4432344.577,-0.9
753691.940,4438281.340,-1
757647.730,4434895.456,-1
757711.102,4434559.603,-1
754748.616,4438018.571,-1
757020.098,4432027.670,-1
754005.246,4438301.638,-1.2
753657.213,4437833.945,-1.2
755043.097,4437954.938,-1.2
755392.930,4437765.157,-1.2
756334.092,4437260.219,-1.2
757262.783,4435987.671,-1.2
756751.360,4436785.530,-1.2
755774.752,4437526.451,-1.3
757666.121,4433529.318,-1.3
755732.827,4437617.414,-1.4
757307.018,4435852.958,-1.4
753602.919,4437845.865,-1.5
751349.686,4437603.503,-1.5
757362.071,4435721.499,-1.5
757643.178,4434053.585,-1.5
757504.554,4433003.590,-1.5
757552.006,4433249.714,-1.5
757565.638,4435108.662,-1.6
754066.647,4438306.865,-1.7
753650.236,4438159.330,-1.8
756094.646,4437254.059,-1.8
754237.718,4438196.734,-2
753670.506,4438192.627,-2
753297.840,4438040.671,-2
753580.793,4437916.893,-2
751761.699,4436889.942,-2
751702.324,4436919.675,-2
751607.576,4436762.741,-2
751618.827,4436735.185,-2
751650.552,4436801.793,-2
751209.988,4437112.821,-2
751415.860,4437736.884,-2
754695.477,4438012.442,-2
754766.660,4438010.536,-2
755175.123,4437885.442,-2
757261.092,4435641.255,-2
757422.251,4435324.502,-2
754533.254,4438122.424,-2
754478.286,4438104.643,-2
756853.073,4431884.343,-2
757294.664,4432522.010,-2
756305.564,4431789.225,-2
755570.729,4431893.288,-2
755564.107,4439377.960,-2.1
753913.414,4438349.300,-2.2
755526.116,4432062.280,-2.2
754239.558,4438076.784,-2.3
754285.541,4438068.296,-2.3
753946.632,4438365.556,-2.3
751804.715,4436999.501,-2.3
756934.214,4436532.404,-2.3
757624.874,4433758.015,-2.3
756287.535,4440282.847,-2.4
757590.816,4434691.059,-2.4
754115.846,4438108.105,-2.5
754209.407,4438225.982,-2.5
755899.292,4439551.138,-2.5
753401.579,4437760.494,-2.5
751967.875,4437017.726,-2.5
755652.715,4437524.645,-2.5
756634.699,4436808.396,-2.5
757273.898,4435534.271,-2.5
757642.276,4434351.969,-2.6
754171.742,4438384.272,-2.7
755278.500,4437771.840,-2.7
755834.032,4437384.758,-2.7
756997.275,4432176.445,-2.7
755744.617,4432018.690,-2.7
751633.613,4436851.851,-2.8
755035.855,4438621.935,-2.9
754236.420,4438024.951,-3
753502.789,4438124.256,-3
753402.474,4437913.556,-3
753330.844,4437878.309,-3
753362.045,4437684.540,-3
751784.985,4436939.318,-3
751630.886,4436908.701,-3
751581.310,4436860.666,-3
751540.090,4437869.635,-3
751775.341,4437716.292,-3
754412.244,4438143.337,-3
754458.133,4438150.277,-3
754477.337,4438160.582,-3
754516.841,4438144.466,-3
754520.095,4438103.071,-3
757167.121,4432548.678,-3
755008.608,4438583.883,-3.1
756000.607,4431852.430,-3.1
756151.963,4440030.846,-3.2
754080.981,4438379.392,-3.2
753615.118,4438167.236,-3.2
753464.733,4438089.304,-3.2
756635.646,4436714.434,-3.2
757517.192,4434046.477,-3.2
757075.577,4432327.781,-3.2
757560.585,4433540.276,-3.2
755516.920,4431920.116,-3.2
754173.986,4438153.686,-3.3
756390.606,4440764.957,-3.3
751559.744,4440206.068,-30.3
751376.582,4436907.896,-3.3
751466.027,4436884.697,-3.3
754601.120,4438013.652,-3.3
756022.899,4439783.988,-3.4
755331.682,4438986.610,-3.4
754852.871,4438536.922,-3.4
755734.929,4437335.645,-3.4
754087.858,4438042.660,-3.5
754202.826,4438104.684,-3.5
756271.933,4440488.107,-3.5
755401.388,4439183.195,-3.5
753504.658,4438173.618,-3.5
753414.608,4437989.712,-3.5
753502.994,4437949.431,-3.5
756316.709,4436932.529,-3.5
757495.644,4434867.432,-3.5
757277.445,4432745.495,-3.5
755561.064,4432118.826,-3.5
756213.549,4440281.520,-3.6
755533.694,4437518.607,-3.6
756576.585,4431800.350,-3.6
756123.909,4431912.438,-3.6
755158.639,4437768.324,-3.8
757162.625,4435922.057,-3.8
753328.772,4438052.532,-4
753404.475,4437845.877,-4
753300.357,4437803.665,-4
751694.977,4436857.162,-4
751705.014,4437754.824,-4
754109.409,4437960.878,-4
754451.634,4438041.018,-4
757013.333,4436238.693,-4
755475.233,4432155.703,-4
755522.986,4432106.149,-4
753595.505,4438188.776,-4.1
756223.084,4431926.117,-4.1
756029.949,4432055.384,-4.1
755467.767,4432014.687,-4.1
752159.375,4437712.950,-4.2
752119.944,4437609.632,-4.2
756596.335,4431680.124,-1.2
755905.499,4431957.494,-4.2
755148.592,4438755.099,-4.3
754643.154,4438434.823,-4.3
754012.838,4438365.072,-4.4
753694.425,4438451.909,-4.5
753419.053,4438045.968,-4.5
753596.283,4437756.580,-4.5
753439.426,4437708.350,-4.5
751299.596,4437553.940,-4.5
751501.618,4437820.979,-4.5
754155.552,4437952.751,-4.5
754225.499,4437917.935,-4.5
754414.246,4438101.770,-4.5
754872.151,4437897.143,-4.5
757441.207,4433247.920,-4.6
753477.552,4437899.331,-4.7
754682.833,4437881.910,-4.7
755013.580,4437776.377,-4.8
757443.082,4435097.795,-4.8
755423.541,4432094.105,-4.9
756353.328,4440967.057,-5
755774.462,4439562.650,-5
753552.907,4438213.003,-5
753661.285,4437719.164,-5
753403.201,4437711.369,-5
753331.275,4437772.905,-5
751427.670,4436873.364,-5
751604.373,4436813.493,-5
751275.799,4436938.452,-5
751447.358,4437824.217,-5
751611.816,4437802.369,-5
751838.135,4437693.721,-5
751585.555,4436776.263,-5
754314.570,4437956.119,-5
754377.247,4438016.725,-5
754529.532,4438082.753,-5
754495.988,4437996.658,-5
757476.020,4434344.666,-5
755398.084,4431975.108,-5
756150.009,4436838.326,-5.1
752194.728,4437463.058,-5.2
751889.892,4436881.822,-5.2
755263.252,4437529.172,-5.2
755400.126,4437514.904,-5.2
756747.384,4432031.185,-5.2
756128.444,4432093.612,-5.2
754268.625,4438380.554,-5.3
757473.030,4433556.548,-5.3
755350.984,4431985.719,-5.3
755035.065,4438760.860,-5.5
753636.320,4438428.264,-5.5
753365.597,4438066.436,-5.5
753360.999,4437657.102,-5.5
752092.654,4437287.654,-5.5
754423.353,4438071.386,-5.5
756601.317,4436632.824,-5.5
755150.979,4437515.086,-5.6
756514.683,4431899.714,-5.6
757299.883,4435226.180,-5.7
757349.762,4434807.582,-5.7
754952.013,4438643.225,-5.8
755645.613,4437288.675,-5.8
757269.354,4435344.738,-5.8
755301.370,4431900.255,-5.8
755252.284,4438991.631,-6
754345.782,4438377.985,-6
753469.467,4438041.819,-6
752080.615,4437649.253,-6
754455.324,4438017.864,-6
756840.287,4436473.519,-6
757078.089,4435836.592,-6
757145.986,4435552.486,-6
757374.801,4434603.052,-6
756886.174,4432302.625,-6
753545.947,4437833.884,-6.2
751223.959,4437014.800,-6.2
755036.955,4437517.877,-6.2
756513.520,4436645.517,-6.2
756476.540,4436271.311,-6.2
755195.166,4432057.653,-9.1
755323.640,4432280.200,-6.2
757191.411,4435416.882,-6.4
754161.388,4438026.439,-6.5
756294.261,4440765.294,-6.5
756013.004,4440027.593,-6.5
755893.293,4439780.354,-6.5
754759.253,4438543.450,-6.5
754448.937,4438370.761,-6.5
752081.759,4437240.188,-6.5
754127.783,4437869.160,-6.5
754231.583,4437856.803,-6.5
754416.851,4437980.551,-6.5
754529.778,4437887.510,-6.5
756020.829,4437166.100,-6.5
757380.174,4434054.233,-6.5
756939.299,4432471.435,-6.5
757154.585,4432808.248,-6.8
754553.146,4438435.090,-7
751924.750,4436958.806,-7
751352.482,4437665.770,-7
751571.669,4437881.538,-7
752051.722,4437638.056,-7
754052.876,4437841.410,-7
754369.799,4437870.377,-7
754891.297,4437524.554,-7
755912.214,4437128.268,-7
756378.518,4436565.265,-7
756910.384,4436157.738,-7
757369.169,4434344.003,-7
757290.920,4433091.774,-7
757305.979,4433284.509,-7
755531.653,4431689.714,-7
756109.196,4440282.430,-7.1
756450.594,4432002.094,-7.1
753956.441,4438473.809,-7.2
757188.983,4434751.872,-7.2
755269.720,4432227.558,-7.2
756669.608,4432139.179,-7.3
756149.736,4440489.773,-7.5
753264.539,4438052.201,-7.5
753325.478,4437668.356,-7.5
752144.015,4437353.095,-7.5
751789.795,4436827.336,-7.5
751478.113,4436831.346,-7.5
751145.123,4437056.262,-7.5
753883.716,4437787.773,-7.5
751315.341,4436811.658,-7.6
755556.246,4437243.530,-7.6
755491.762,4439384.291,-7.7
754099.988,4438475.281,-7.8
754029.037,4438474.897,-7.9
753610.744,4438372.486,-8
754093.815,4438594.198,-8
753489.150,4437810.761,-8
753513.120,4437736.660,-8
753396.296,4437677.377,-8
752152.920,4437303.193,-8
751751.092,4436769.618,-8
751219.658,4436880.281,-8
753980.734,4437807.347,-8
756969.216,4435789.882,-8
757034.427,4435468.204,-8
756401.801,4432092.628,-8
756256.725,4440969.449,-8.2
756245.834,4436484.912,-8.2
757214.641,4435103.253,-8.2
757276.131,4434064.966,-8.2
757411.802,4433773.110,-8.2
755808.080,4432075.986,-8.2
755760.624,4439778.887,-8.3
754865.064,4438656.019,-8.3
753320.568,4437711.324,-8.3
754783.719,4437514.687,-8.3
756729.388,4436405.962,-8.3
756183.812,4440770.210,-8.4
754659.384,4438549.108,-8.4
755885.845,4440023.964,-8.5
755644.887,4439570.263,-8.5
755262.592,4439187.339,-8.5
753555.001,4438319.618,-8.5
751830.584,4436802.831,-8.5
756783.456,4432411.117,-8.5
757342.255,4433580.887,-8.5
756056.143,4432226.790,-8.6
757217.643,4434335.632,-8.7
755199.090,4432381.189,-8.7
755144.273,4438998.377,-9
754465.607,4438450.686,-9
754165.294,4438473.363,-9
753944.297,4438541.806,-9
754027.374,4438527.850,-9
752028.942,4437101.746,-9
751870.853,4436886.047,-9
751574.395,4436763.410,-9
751260.535,4437496.630,-9
751400.072,4437785.259,-9
751977.332,4437659.782,-9
754986.521,4437388.080,-9
754841.772,4437817.181,-9
756868.789,4435730.288,-9
757061.271,4435187.288,-9
756583.381,4432255.035,-9
756347.840,4432181.871,-9
753499.477,4438268.847,-9.2
757049.227,4434677.212,-9.2
755114.639,4432270.467,-9.2
752208.527,4437598.260,-9.3
755445.308,4437209.257,-9.3
755576.073,4432179.486,-9.3
755984.409,4440278.684,-9.4
756143.756,4440969.523,-9.5
756028.558,4440488.403,-9.5
754556.074,4438557.152,-9.5
753494.182,4438244.030,-9.5
752044.596,4437164.457,-9.5
751679.309,4436731.984,-9.5
751161.351,4436950.737,-9.5
755998.090,4432308.660,-9.5
757203.855,4433577.701,-9.6
756285.449,4432287.099,-9.6
754892.412,4438771.292,-9.7
754025.855,4438447.711,-9.7
753424.708,4438218.434,-9.7
756222.471,4432401.350,-9.7
755312.252,4432103.462,-9.7
754228.484,4438463.431,-9.8
755962.643,4436746.596,-9.8
756783.566,4436084.636,-9.8
757036.316,4435336.799,-9.8
756474.937,4432409.855,-9.8
757033.387,4432888.774,-9.8
754765.742,4438672.147,-9.9
757091.117,4435038.693,-9.9
756069.421,4432411.036,-9.9
753996.491,4439017.693,-10
753512.590,4438354.290,-10
754386.487,4438457.657,-10
754312.405,4438469.000,-10
753279.193,4438080.253,-10
753215.892,4438029.591,-10
751405.286,4436761.936,-10
751478.663,4437921.175,-10
751910.311,4437685.206,-10
754724.774,4437761.070,-10
756553.088,4436423.446,-10
756636.615,4436347.442,-10
756752.159,4435651.407,-10
756161.655,4432512.284,-10
755138.233,4431946.182,-10
754661.023,4437521.162,-10.2
754832.324,4437644.314,-10.2
757249.910,4433803.203,-10.2
755859.234,4432245.319,-10.2
753343.441,4438120.197,-10.3
757148.380,4434070.971,-10.3
756075.204,4440772.483,-10.5
755048.187,4439002.487,-10.5
754686.965,4438662.807,-10.5
754452.473,4438561.074,-10.5
753370.942,4438158.048,-10.5
753284.696,4438170.641,-10.5
751764.570,4436741.217,-10.5
754446.716,4437521.511,-10.5
755758.528,4437124.737,-10.5
756084.151,4436394.510,-10.5
756671.661,4436009.261,-10.5
757163.213,4434445.297,-10.5
755365.652,4439393.473,-10.6
756952.462,4432699.079,-10.6
755524.430,4439580.690,-10.7
755642.881,4439779.146,-10.7
754344.051,4438558.995,-10.7
754034.919,4438560.046,-10.7
753884.208,4437528.244,-10.8
755923.973,4432435.201,-10.8
754024.837,4438914.796,-11
754601.565,4438668.213,-11
754520.504,4438665.875,-11
753721.608,4438530.624,-11
751610.533,4436687.442,-11
751216.802,4437432.291,-11
754306.917,4437782.624,-11
754444.687,4437784.592,-11
754574.204,4437789.932,-11
754551.221,4437520.439,-11
756930.561,4435387.585,-11
756395.012,4432520.500,-11
756671.314,4432538.126,-11
756906.762,4432943.762,-11
757119.766,4433319.470,-11
755757.199,4432418.950,-11
755472.464,4432314.759,-11
754782.539,4438775.513,-11.1
755701.039,4432200.475,-11.1
755553.100,4432247.461,-11.1
755135.305,4439193.030,-11.2
754127.454,4438561.725,-11.2
754202.151,4437757.926,-11.2
755361.546,4432444.392,-11.2
755752.123,4440021.917,-11.3
756100.544,4432613.041,-11.3
755856.485,4440276.595,-11.4
756962.055,4434952.203,-11.4
754946.823,4439005.688,-11.5
754049.118,4439000.577,-11.5
754226.744,4438564.061,-11.5
754039.190,4438603.549,-11.5
752759.296,4437574.871,-11.5
753503.419,4437609.101,-11.5
754334.396,4437526.946,-11.5
755768.975,4436862.112,-11.5
756629.948,4435566.377,-11.5
756575.319,4432610.383,-11.5
756804.597,4432811.350,-11.5
757066.624,4433589.238,-11.5
755015.827,4432130.846,-11.5
753817.457,4438567.394,-11.6
753766.188,4437527.876,-11.6
754097.551,4438624.392,-11.8
756897.944,4434623.938,-11.8
754998.419,4431949.533,-11.8
753945.592,4439171.028,-12
753868.500,4438899.613,-12
753830.147,4438976.626,-12
753139.808,4438021.714,-12
753187.408,4437860.399,-12
752283.857,4437420.406,-12
751638.240,4437900.189,-12
754222.168,4437530.473,-12
754598.230,4437395.726,-12
755774.760,4436673.133,-12
754666.244,4438775.114,-12.1
755589.243,4432324.311,-12.1
754441.264,4438662.316,-12.2
753521.484,4437511.402,-12.2
756822.525,4435090.448,-12.2
756045.311,4440972.890,-12.3
755904.000,4440490.994,-12.3
754355.070,4438660.681,-12.3
754167.986,4438637.938,-12.3
753661.556,4438501.298,-12.3
751183.306,4437210.898,-12.3
756551.793,4435922.695,-12.3
755398.213,4431687.718,-12.3
755007.790,4439195.803,-12.5
753767.763,4438931.178,-12.5
754270.448,4438649.596,-12.5
756762.150,4433049.468,-12.5
757068.475,4433203.954,-12.5
755815.178,4432639.965,-12.5
755526.508,4439774.134,-12.6
753417.092,4437498.333,-12.6
757092.751,4434327.128,-12.6
757043.700,4434101.453,-12.6
753984.620,4438684.232,-12.7
756844.204,4434883.865,-12.7
756495.745,4435481.472,-12.8
756867.046,4435315.543,-12.8
755616.850,4440020.124,-12.9
753828.812,4438826.783,-13
753948.062,4438877.003,-13
753958.623,4439250.149,-13
753698.287,4438882.555,-13
753766.186,4438604.121,-13
751267.107,4437633.289,-13
751978.421,4437752.478,-13
752099.054,4437692.923,-13
752242.968,4437651.930,-13
754016.043,4437528.289,-13
756000.934,4432785.471,-13
755968.673,4440775.508,-13.1
755520.992,4432469.848,-13.1
753982.102,4438641.120,-13.2
755734.253,4440275.969,-13.3
756998.918,4433326.054,-13.3
755393.119,4439589.361,-13.4
755242.156,4439412.333,-13.4
754836.946,4439009.796,-13.4
753957.769,4438828.892,-13.5
753969.852,4438755.957,-13.5
753808.837,4438729.232,-13.5
753917.487,4438608.353,-13.5
751856.526,4437800.821,-13.5
756656.527,4435036.884,-13.5
757025.299,4433895.505,-13.5
755476.158,4432611.030,-13.5
755940.612,4440971.467,-13.7
754574.738,4438788.298,-13.7
754090.867,4438810.985,-13.8
753981.299,4438815.717,-13.9
755782.647,4440487.648,-14
753644.030,4438842.867,-14
753897.145,4438456.565,-14
753387.183,4438244.400,-14
751170.969,4437331.923,-14
751162.181,4437437.078,-14
751534.807,4437960.885,-14
754075.096,4437744.877,-14
755938.214,4436304.194,-14
756398.296,4436080.782,-14
756725.234,4435303.512,-14
756645.591,4435158.783,-14
756764.005,4434563.547,-14
756474.628,4432710.729,-14
756628.681,4432942.829,-14
755314.499,4432645.976,-14
755276.631,4431682.986,-14
755200.079,4431817.835,-14
754486.067,4438792.395,-14.2
753599.964,4438475.939,-14.2
755725.358,4436566.172,-14.2
755855.702,4440763.933,-14.3
755416.284,4439776.673,-14.4
755303.147,4437161.695,-14.4
755623.355,4440286.806,-14.5
754404.858,4438819.314,-14.5
754300.039,4438805.020,-14.5
754192.278,4438810.841,-14.5
753874.046,4438693.793,-14.5
753788.847,4438674.771,-14.5
753655.592,4437518.877,-14.5
752049.920,4436937.824,-14.5
751214.014,4437545.944,-14.5
756881.450,4434124.570,-14.5
755589.531,4432758.849,-14.5
755056.508,4431792.524,-14.5
753712.512,4438673.679,-14.6
753884.284,4438498.631,-14.6
755480.638,4440014.361,-14.7
756364.194,4435380.595,-14.7
753080.578,4437809.659,-14.8
756419.633,4435821.901,-14.8
756937.725,4434337.054,-14.8
754103.177,4438986.985,-15
753683.696,4438608.561,-15
753360.840,4438321.798,-15
753580.734,4437596.652,-15
752216.318,4437244.934,-15
751859.063,4436676.375,-15
751804.440,4436592.169,-15
751185.780,4437557.398,-15
751225.316,4437648.482,-15
751388.788,4437847.358,-15
751726.837,4437852.798,-15
754103.396,4437535.802,-15
756568.552,4435227.221,-15
756697.478,4434854.672,-15
756861.313,4433796.948,-15
756794.990,4433203.087,-15
754981.446,4431627.715,-15
755123.066,4431672.808,-15
753975.896,4439322.902,-15.2
751334.164,4437744.183,-15.2
752334.787,4437526.923,-15.2
756927.976,4433581.278,-15.2
754811.801,4437268.322,-15.3
756755.174,4434291.257,-15.3
756601.921,4433193.037,-15.3
755745.456,4432957.907,-15.3
755664.328,4440492.458,-15.4
755111.341,4439410.410,-15.4
755846.775,4440973.037,-15.5
755495.614,4440284.527,-15.5
755267.521,4439597.485,-15.5
755289.415,4439780.049,-15.5
754723.812,4439019.365,-15.5
754343.063,4439014.966,-15.5
754223.608,4439026.473,-15.5
752105.407,4437029.640,-15.5
751992.810,4436858.193,-15.5
751108.302,4437208.600,-15.5
751415.118,4437982.089,-15.5
756692.278,4433695.857,-15.5
756221.139,4432777.124,-15.5
756853.616,4433324.758,-15.5
755538.773,4436728.669,-15.7
753266.713,4437622.426,-15.8
756408.538,4435225.030,-15.8
756494.396,4435002.655,-15.8
755791.739,4436221.254,-16
755751.251,4440753.943,-16
755351.795,4440021.785,-16
754878.318,4439201.459,-16
753285.202,4438280.352,-16
753193.543,4438258.473,-16
753063.944,4438017.369,-16
752440.260,4437528.815,-16
752098.831,4437163.000,-16
751682.711,4436571.696,-16
751096.973,4437012.832,-16
751082.107,4437365.818,-16
751599.151,4438001.651,-16
756238.511,4436096.010,-16
756225.310,4435274.285,-16
756605.350,4434494.933,-16
756723.379,4434140.317,-16
756800.406,4433993.326,-16
756766.687,4433407.375,-16.1
753124.925,4437686.648,-16.2
756308.154,4435954.476,-16.2
756556.339,4434767.384,-16.2
754791.154,4431616.903,-16.2
755549.391,4440488.710,-16.3
755538.404,4436394.117,-16.3
755428.936,4440479.161,-16.5
755117.257,4439606.339,-16.5
754971.173,4439418.854,-16.5
754594.033,4439016.381,-16.5
754464.661,4439014.461,-16.5
751933.310,4436759.758,-16.5
755223.168,4437125.598,-16.5
756357.531,4432866.315,-16.5
756505.148,4433068.996,-16.5
756733.534,4433518.319,-16.5
754628.251,4432030.754,-16.5
755739.695,4440966.111,-16.7
753321.365,4437500.786,-16.7
752060.778,4437775.330,-16.8
754511.063,4437297.160,-16.8
755213.224,4440025.378,-16.9
755366.290,4440278.097,-17
753190.597,4438342.067,-17
752959.961,4438016.426,-17
752989.240,4437828.096,-17
752554.439,4437555.938,-17
752425.222,4437636.590,-17
751004.168,4436961.203,-17
751024.089,4437170.031,-17
751487.337,4438027.328,-17
752206.726,4437813.025,-17
752293.825,4437804.954,-17
755125.856,4437029.632,-17
756241.278,4435740.302,-17
756182.115,4435153.311,-17
756296.672,4434993.452,-17
756499.353,4434258.966,-17
756518.669,4433561.558,-17
756128.472,4432907.666,-17
756481.852,4433313.554,-17
754390.648,4431837.574,-17
755170.300,4439774.384,-17.1
755634.953,4440741.858,-17.2
754749.533,4439205.073,-17.2
752914.345,4437704.026,-17.2
752845.950,4437633.438,-17.2
754862.735,4432194.729,-17.2
756078.316,4435984.184,-17.3
754630.282,4439203.236,-17.5
752723.101,4437574.659,-17.5
752412.144,4437740.785,-17.5
755293.278,4436804.577,-17.5
756154.227,4435584.655,-17.5
756409.893,4434462.682,-17.5
756620.609,4434056.795,-17.5
756491.997,4433972.479,-17.5
754638.314,4431489.324,-17.5
754989.346,4439614.321,-17.7
752073.106,4437845.748,-17.7
753629.655,4438658.617,-17.8
751430.946,4438083.136,-17.8
755054.446,4432504.354,-17.8
754932.672,4439761.645,-18
755049.494,4439770.100,-18
754845.862,4439422.153,-18
754059.919,4439138.618,-18
753737.527,4439025.616,-18
753636.723,4438750.495,-18
753345.563,4438394.765,-18
752856.711,4437984.382,-18
753181.811,4437547.130,-18
752859.240,4437823.500,-18
752640.799,4437519.130,-18
752546.385,4437470.477,-18
752304.967,4437360.454,-18
752222.194,4437321.679,-18
752149.008,4437093.808,-18
751594.223,4436576.706,-18
750957.030,4437336.480,-18
751252.931,4437788.607,-18
751946.628,4437849.747,-18
754911.916,4437137.219,-18
755630.257,4436123.734,-18
755943.111,4435444.990,-18
756176.939,4434989.783,-18
756393.807,4434718.102,-18
756339.706,4433873.726,-18
756378.914,4433442.016,-18
755953.189,4433141.184,-18
756248.869,4433035.310,-18
752996.796,4437617.530,-18.1
755525.621,4440728.735,-18.2
752683.322,4437650.944,-18.2
752431.503,4437386.278,-18.2
751472.732,4436667.594,-18.2
755182.876,4436633.076,-18.2
756036.297,4435166.221,-18.2
756221.292,4433329.426,-18.2
755636.021,4440970.131,-18.3
755309.217,4440486.683,-18.3
755236.125,4440276.783,-18.3
754857.925,4439631.904,-18.4
754512.498,4439205.958,-18.4
756397.784,4434245.518,-18.4
755068.025,4440023.652,-18.5
754706.953,4439425.315,-18.5
754392.174,4439222.543,-18.5
754258.081,4439216.945,-18.5
754117.934,4439179.897,-18.5
751559.870,4438081.617,-18.5
752716.433,4438022.965,-18.5
752915.682,4437547.539,-18.5
751836.196,4437905.090,-18.5
754444.551,4431325.507,-18.5
756225.557,4434414.441,-18.6
751694.773,4438105.172,-18.8
754646.806,4437187.596,-18.8
755542.366,4440957.408,-19
754818.182,4439763.560,-19
754575.694,4439422.240,-19
754144.472,4439233.235,-19
752276.573,4438231.327,-19
752712.263,4438206.893,-19
752624.830,4438173.751,-19
751799.330,4438074.636,-19
752713.401,4437808.941,-19
752837.265,4437472.503,-19
752792.820,4437713.662,-19
752675.756,4437442.369,-19
752504.750,4437747.101,-19
752374.083,4437820.910,-19
752191.326,4437175.279,-19
750946.583,4437134.429,-19
751098.526,4437766.914,-19
752616.411,4437609.926,-19
754348.118,4437213.091,-19
755373.762,4436305.761,-19
755894.425,4435884.624,-19
756173.545,4434243.312,-19
754963.696,4436938.764,-19
756202.556,4433784.906,-19
752621.690,4437658.064,-19.1
755402.774,4440723.539,-19.2
755093.133,4440275.754,-19.2
752518.387,4437264.551,-19.2
752323.793,4437678.972,-19.2
754116.231,4431617.998,-19.2
755069.448,4436879.910,-19.3
754735.212,4439640.315,-19.4
755438.117,4440969.127,-19.5
755293.811,4440721.826,-19.5
755199.200,4440496.409,-19.5
754922.887,4440017.977,-19.5
754702.595,4439761.034,-19.5
754439.224,4439419.074,-19.5
753522.779,4438645.883,-19.5
753514.526,4438427.730,-19.5
752843.772,4438202.123,-19.5
751890.530,4438054.993,-19.5
753024.201,4437461.207,-19.5
751801.405,4437944.212,-19.5
754848.069,4436988.346,-19.5
756102.863,4433242.103,-19.5
755527.175,4433279.559,-19.5
753855.970,4430803.914,-19.5
752341.162,4437225.780,-19.6
752653.385,4437933.409,-19.7
754294.770,4439449.410,-19.8
752944.442,4437418.993,-19.8
755290.094,4433084.995,-19.8
754952.224,4440279.288,-20
753618.727,4438846.251,-20
753447.719,4438389.670,-20
752977.533,4438212.693,-20
752541.593,4438119.748,-20
751971.689,4438061.652,-20
753100.099,4437504.464,-20
752550.351,4437892.818,-20
752438.559,4437874.541,-20
755930.359,4435085.334,-20
754169.586,4431080.430,-20
754592.617,4439646.430,-20.1
752604.628,4437772.557,-20.1
756043.935,4433658.102,-20.1
755196.329,4440717.229,-20.2
754157.409,4439457.516,-20.2
750959.359,4437732.048,-20.2
755473.355,4436034.126,-20.2
752625.070,4437316.410,-20.2
752864.304,4437360.375,-20.2
755091.125,4440501.883,-20.3
755312.094,4440959.753,-20.5
754805.377,4440255.731,-20.5
754767.706,4440032.841,-20.5
754575.695,4439754.507,-20.5
753073.709,4438267.492,-20.5
752356.880,4438060.396,-20.5
755118.720,4432917.768,-20.5
754460.952,4439659.180,-20.6
755180.072,4440949.006,-20.8
754329.669,4439671.441,-20.8
754419.254,4439785.245,-20.8
752276.971,4438067.946,-20.8
753236.107,4437669.675,-20.8
755096.193,4440708.745,-20.9
754944.960,4440513.832,-21
754679.403,4440243.184,-21
753725.737,4439118.787,-21
752971.593,4438595.066,-21
752755.541,4438349.881,-21
752890.219,4438366.273,-21
753027.574,4438404.061,-21
753166.027,4438434.003,-21
752441.918,4438092.661,-21
752174.191,4438063.526,-21
752056.402,4438090.090,-21
750804.471,4437690.715,-21
750834.752,4437313.965,-21
750822.759,4437103.847,-21
750920.580,4436915.735,-21
754626.715,4437025.741,-21
754991.932,4436548.833,-21
756111.505,4434655.533,-21
752751.530,4437373.104,-21
753990.475,4439470.865,-21.2
752848.867,4438581.674,-21.2
755034.134,4440936.255,-21.5
754625.269,4440027.497,-21.5
753864.401,4439203.324,-21.5
753339.612,4438528.788,-21.5
753107.766,4438580.739,-21.5
752410.381,4438334.596,-21.5
752579.736,4438354.416,-21.5
753325.494,4437199.308,-21.5
753013.207,4437175.651,-21.5
753502.199,4438833.309,-21.6
754916.513,4432787.727,-21.6
755200.744,4436160.973,-21.8
755710.228,4433427.384,-21.8
754997.798,4440702.569,-21.9
753979.929,4439696.105,-22
753596.735,4438910.890,-22
753244.320,4438593.576,-22
752187.025,4438320.304,-22
750672.681,4437036.310,-22
750804.053,4436856.462,-22
754020.060,4437246.226,-22
753668.759,4437218.315,-22
753157.053,4437180.600,-22
752846.209,4437156.849,-22
752672.815,4437125.274,-22
754659.639,4436805.963,-22
755618.981,4435712.368,-22
755715.481,4435269.307,-22
755910.967,4434899.648,-22
756098.483,4434781.028,-22
755879.940,4433571.324,-22
753539.052,4430517.165,-22
753554.269,4439048.191,-22.1
755930.499,4434130.630,-22.1
755821.385,4434989.683,-22.2
754423.866,4437036.448,-22.3
754260.171,4439802.815,-22.4
753573.131,4438985.327,-22.4
754169.317,4437129.639,-22.4
754845.602,4440797.397,-22.5
754665.236,4440771.685,-22.5
752716.504,4438502.805,-22.5
753841.228,4437239.662,-22.5
753745.409,4431310.934,-22.5
753431.101,4438604.330,-22.6
754208.231,4437022.571,-22.8
755283.236,4435909.006,-22.8
754756.322,4440531.179,-22.9
753405.644,4438822.942,-23
752008.657,4438293.363,-23
750650.469,4437659.785,-23
754405.944,4436863.498,-23
753496.600,4437209.836,-23
754777.558,4436440.931,-23
753752.372,4436996.585,-23.2
754611.431,4440460.600,-23.5
752398.149,4436983.978,-23.5
752225.574,4436906.420,-23.5
755547.321,4433920.136,-23.5
754480.917,4440750.666,-23.6
750699.567,4436785.746,-23.7
754447.630,4440461.148,-23.8
754482.862,4440020.836,-24
751632.045,4438292.131,-24
751806.363,4438281.013,-24
750676.501,4437256.670,-24
750532.911,4436980.406,-24
751153.582,4436850.666,-24
752043.888,4436780.796,-24
754967.481,4436062.841,-24
755087.531,4435793.320,-24.2
753537.191,4439116.880,-24.3
752684.569,4438652.983,-24.3
754337.227,4440721.960,-24.5
754578.415,4440258.394,-24.5
753292.449,4438794.031,-24.5
753004.525,4438795.554,-24.5
752415.526,4438644.515,-24.5
750449.825,4437194.761,-24.5
750367.259,4436913.339,-24.5
754084.564,4439825.300,-24.6
753827.978,4439357.475,-24.8
753355.880,4439051.307,-24.8
753911.026,4439787.493,-25
753667.111,4439312.019,-25
753460.700,4439394.142,-25
752915.840,4439089.083,-25
753165.614,4438791.112,-25
752831.026,4438775.676,-25
752239.433,4438607.141,-25
751298.226,4438365.156,-25
751492.542,4438321.778,-25
751220.723,4438103.205,-25
751103.230,4438079.533,-25
750914.408,4438089.277,-25
750563.542,4436703.209,-25
753166.991,4437474.452,-25
753573.163,4436971.283,-25
752329.467,4436615.784,-25
754441.225,4436676.917,-25
755295.440,4435512.998,-25
755856.740,4434615.970,-25
755719.236,4434011.375,-25
755333.056,4433770.491,-25
754684.128,4432634.949,-25
753504.957,4439241.012,-25.1
753244.082,4439043.088,-25.2
752662.469,4438830.571,-25.2
753127.746,4439042.916,-25.3
754190.659,4436801.103,-25.4
753319.581,4439263.948,-25.5
752773.787,4439025.949,-25.5
752029.983,4438557.191,-25.5
750458.473,4437619.492,-25.6
750175.616,4436851.036,-25.6
753927.215,4436978.059,-25.8
754136.292,4440693.797,-26
753620.881,4439478.392,-26
753168.273,4439207.608,-26
751286.321,4438631.471,-26
751847.901,4438536.076,-26
751452.808,4438515.772,-26
751128.059,4438396.443,-26
750429.953,4436615.296,-26
751067.701,4436710.651,-26
752535.872,4436744.367,-26
754580.429,4436332.132,-26
753389.152,4436943.034,-26.1
754019.892,4436698.711,-26.2
755509.373,4435121.401,-26.2
753945.089,4440676.637,-26.5
752977.426,4439655.177,-26.5
753735.851,4439706.315,-26.5
753794.982,4439503.676,-26.5
752625.414,4439010.591,-26.5
750944.491,4436603.172,-26.5
754785.504,4435925.539,-26.5
755065.629,4433569.809,-26.5
754323.790,4440045.944,-26.6
753684.478,4436825.970,-26.6
753532.977,4436730.063,-26.7
754049.360,4440389.351,-26.8
754211.443,4440399.180,-26.8
754400.612,4440186.980,-26.8
753077.775,4439630.247,-26.8
753244.223,4439454.707,-26.8
752352.318,4438949.027,-26.8
750685.834,4438043.670,-26.8
753824.323,4436561.633,-26.9
753869.820,4440348.060,-27
754328.916,4440305.508,-27
753244.431,4439857.833,-27
753071.980,4439849.661,-27
752922.820,4439818.111,-27
753198.646,4439620.430,-27
752963.249,4439419.076,-27
753101.110,4439423.523,-27
753414.114,4439515.890,-27
753044.249,4439222.361,-27
751990.944,4439108.092,-27
751561.195,4438943.374,-27
752079.240,4438876.811,-27
751861.295,4438856.113,-27
751662.959,4438806.998,-27
751709.308,4438487.889,-27
750209.526,4437120.047,-27
751746.764,4436529.221,-27
752963.497,4436873.306,-27
754278.683,4436533.864,-27
754874.373,4435648.159,-27
755597.336,4434422.263,-27
753368.420,4439640.564,-27.2
753566.608,4439705.655,-27.2
752366.285,4439074.738,-27.2
750258.320,4437555.678,-27.2
754392.256,4436183.001,-27.2
753724.970,4440646.757,-27.3
752838.435,4439260.702,-27.3
753344.749,4436619.293,-27.3
753176.717,4436908.377,-27.4
753675.407,4440267.575,-27.5
752535.601,4439511.614,-27.5
752800.869,4439517.103,-27.5
752583.477,4439304.779,-27.5
751493.060,4438724.123,-27.5
753634.286,4436449.999,-27.5
752757.379,4439773.831,-27.6
752259.153,4439470.613,-27.6
752554.494,4439743.396,-27.8
753507.054,4440619.454,-28
753030.255,4440243.305,-28
753271.702,4440321.312,-28
753467.643,4440199.100,-28
752023.320,4439381.272,-28
751226.591,4438859.888,-28
749993.851,4437133.855,-28
750307.230,4436532.164,-28
750835.748,4436485.978,-28
755697.647,4434838.475,-28
750444.328,4437999.935,-28.2
750705.972,4436346.656,-28.2
752130.466,4436466.567,-28.2
752731.238,4436833.067,-28.2
753309.120,4440596.212,-28.3
752780.123,4440129.523,-28.3
753102.169,4440578.244,-28.5
752871.556,4440531.036,-28.5
752249.015,4439912.857,-28.5
752523.573,4440018.571,-28.5
754144.348,4440082.363,-28.5
754009.622,4440031.259,-28.5
750567.439,4436198.525,-28.5
752593.984,4436256.819,-28.5
754616.851,4435793.093,-28.5
755325.071,4434256.025,-28.5
754738.957,4433411.060,-28.5
753524.394,4439882.102,-28.7
753667.394,4439904.796,-28.8
752747.848,4436320.406,-28.8
754132.150,4436398.138,-28.8
752632.731,4440470.003,-29
752431.098,4440360.369,-29
751190.480,4439582.946,-29
751488.848,4439605.024,-29
752002.835,4439812.598,-29
753839.224,4439962.633,-29
751383.016,4439265.451,-29
751680.307,4439305.543,-29
750939.622,4438784.223,-29
750838.103,4438406.799,-29
750545.357,4438386.906,-29
750018.081,4437447.985,-29
750089.189,4436362.280,-29
750100.009,4435716.736,-29
750399.093,4436010.923,-29
753190.114,4436534.832,-29
753050.585,4436455.679,-29.2
751117.438,4439245.464,-29.3
752304.137,4440711.560,-29.5
752128.641,4440340.962,-29.5
750898.080,4439589.904,-29.5
750631.287,4438714.458,-29.5
750171.092,4437915.664,-29.5
749866.628,4437910.553,-29.5
752893.026,4436388.164,-29.5
754235.146,4436040.589,-29.5
750812.514,4439188.628,-29.6
752441.573,4436194.259,-29.6
752298.109,4436125.114,-29.8
751798.708,4440719.828,-30
751868.679,4440239.784,-30
750648.007,4439628.839,-30
751765.351,4439638.668,-30
755031.406,4435243.837,-30
755265.645,4434932.880,-30
755012.285,4434070.794,-30
755529.493,4434677.783,-30
750512.923,4439178.275,-30.1
752167.299,4436056.170,-30.2
751248.106,4440200.372,-30.5
750248.655,4438610.487,-30.5
754417.581,4435645.973,-30.5
754785.760,4435190.812,-30.5
755041.345,4434773.540,-30.5
754701.749,4433876.070,-30.5
750051.423,4438368.672,-30.6
751358.237,4440623.345,-31
750891.945,4440182.307,-31
750536.485,4440205.471,-31
750386.094,4439664.196,-31
750172.618,4439154.813,-31
753958.272,4436258.048,-31
754782.111,4434587.941,-31
754542.900,4435096.678,-31
755036.474,4434516.188,-31
750794.522,4440608.391,-31.2
753217.039,4436199.939,-31.8
749967.834,4440592.050,-32
750165.874,4440233.919,-32
753408.423,4436337.909,-32
753349.738,4430944.729,-32
754373.147,4433642.837,-32.2
750004.098,4439734.911,-32.5
751998.177,4435963.716,-32.5
753784.663,4436159.536,-32.5
754093.532,4435929.594,-32.5
754224.626,4435475.954,-32.6
754447.337,4434984.505,-33
753005.411,4436072.367,-34
754512.893,4434414.953,-34
753928.366,4435773.139,-34.8
751914.530,4436321.543,-35
753620.934,4436054.952,-35
754423.638,4433226.748,-35.1
751782.146,4435852.719,-35.4
751070.566,4436199.233,-36
751186.850,4436368.524,-36
751535.079,4436043.329,-36
751651.099,4436285.669,-36
753470.193,4435966.606,-36
753775.500,4435638.933,-36
754031.304,4435201.979,-36
754375.907,4432438.217,-36
751534.523,4436324.764,-36.1
751291.908,4436496.581,-36.5
753300.906,4435849.393,-36.5
751534.140,4435734.500,-36.6
750908.526,4435958.925,-37
751244.955,4435588.877,-37
752777.468,4435956.834,-37
753532.390,4435469.392,-37
754076.545,4434955.218,-37
754171.780,4433032.673,-37
751259.273,4435736.578,-37.5
753767.026,4435012.836,-37.8
750676.064,4435698.410,-38
752576.592,4435806.341,-38
750960.527,4435481.322,-38.2
753103.385,4435745.692,-38.2
753299.180,4435319.827,-38.5
752339.904,4435660.712,-39
754097.868,4433459.947,-39
753675.264,4432698.650,-39
754013.514,4432179.785,-39
750453.702,4435321.164,-39.5
753531.088,4434862.603,-40
754074.600,4434744.613,-40
754234.972,4434134.163,-40
752517.296,4431663.947,-40
752062.676,4435502.010,-40.8
752914.631,4432084.425,-40.8
753738.701,4433226.912,-41
753319.373,4432438.490,-41
752923.771,4435611.238,-41.5
753065.663,4435164.285,-41.6
753266.254,4434684.029,-42
753812.931,4434576.665,-42
751769.907,4435377.789,-42.5
753593.652,4431880.593,-42.5
753677.497,4434506.793,-43
752338.150,4432272.167,-43
752684.543,4435480.035,-43.3
753213.830,4431618.595,-43.5
752818.780,4435014.419,-43.8
751474.952,4435240.839,-44
753513.522,4434220.389,-44
753855.324,4433783.477,-44
752873.986,4432577.417,-44
752814.581,4431306.878,-44
752990.479,4434507.146,-44.5
753423.063,4433006.027,-44.8
752428.915,4435313.092,-45
753270.852,4433987.583,-45.3
751167.488,4435078.137,-46
753136.611,4432796.697,-46
752578.916,4434804.823,-46.3
752106.411,4435163.113,-46.8
752512.833,4432734.273,-46.8
753441.078,4433625.836,-46.8
752282.090,4434643.409,-46.9
751851.586,4435007.327,-47.5
751961.702,4434444.336,-48.2
751134.068,4434640.769,-48.7
751533.702,4434843.473,-48.8
750793.088,4434900.584,-49
752663.993,4434629.875,-49
751605.865,4433020.295,-49
752815.444,4433022.926,-49
751613.969,4434218.741,-49.5
752175.850,4433964.391,-49.5
752189.391,4433185.156,-49.5
753143.146,4433327.847,-49.8
752587.454,4434186.697,-49.9
751647.461,4433627.374,-50.5
752925.500,4433713.019,-51.7
752507.881,4433445.942,-51.9
752860.390,4433993.610,-52
755835.073,4433058.136,-16.5
