660556.738,4473195.818,-15
661947.084,4472383.223,-102
659580.352,4472664.932,-15
663914.479,4471041.519,-415
662896.268,4467704.754,-435
661562.371,4468560.207,-280
660444.377,4468353.082,-160
659274.416,4468117.371,-53
658174.515,4468355.285,-14
657397.313,4467665.751,-12
659007.878,4467358.079,-36
660413.922,4466834.650,-215
661594.664,4466579.689,-350
660554.872,4465214.018,-298
659675.935,4465438.947,-200
658631.706,4465439.415,-75
657132.730,4465481.723,-18
656253.387,4466726.709,-11
655744.414,4465654.602,-13
659318.611,4462170.426,-290
658841.407,4462865.909,-200
657936.403,4463052.296,-165
660393.065,4463752.406,-345
658944.804,4463848.119,-230
657587.436,4464202.828,-59
656245.023,4464638.476,-15
654853.138,4463908.892,-15
655353.806,4463714.573,-26
656843.625,4463384.636,-42
658751.403,4460441.106,-375
657640.459,4460434.606,-235
656259.408,4460593.757,-53
654651.817,4460874.330,-16
653158.246,4461075.595,-12
655948.795,4456425.057,-215
654841.376,4456344.586,-135
653453.013,4456426.337,-21
652512.401,4456734.917,-15
651115.322,4456623.300,-11
650848.464,4454951.256,-14
651402.607,4459235.786,-10
652386.098,4459095.995,-15
653865.300,4458879.865,-20
655231.893,4458611.272,-48
656452.555,4458398.447,-152
652100.599,4454779.130,-16
653601.420,4454468.732,-30
655066.302,4454139.800,-135
656206.493,4453678.321,-295
657456.242,4452916.130,-330
658699.989,4452202.768,-360
658104.836,4450408.283,-305
656751.895,4450409.708,-158
655282.112,4450423.257,-110
653926.259,4450401.116,-50
652243.264,4450576.873,-23
650603.186,4450551.188,-14
649071.713,4450721.400,-12
649092.540,4449362.456,-15
650406.657,4449083.536,-19
651796.486,4448914.230,-30
653342.582,4448474.093,-52
654667.701,4448275.430,-90
655948.061,4447752.662,-140
656729.788,4447436.205,-195
657848.493,4446800.924,-273
655609.934,4446553.974,-141
654193.150,4446512.637,-85
652747.418,4446450.068,-50
651106.430,4446424.786,-25
649206.810,4446113.438,-19
647850.819,4446124.978,-15
649955.137,4445494.065,-23
651350.495,4445391.969,-41
652868.680,4445253.913,-75
654318.800,4445265.149,-125
656071.439,4444966.081,-215
657172.413,4445126.608,-260
648248.871,4387007.887,-40
646343.873,4387286.126,-80
645074.357,4387352.551,-80
643784.021,4387468.878,-71
642792.846,4387368.744,-75
641310.787,4387329.377,-65
639992.030,4387283.826,-60
638809.511,4387593.068,-80
637629.085,4387878.680,-72
636554.796,4388525.363,-60
635544.977,4389017.714,-65
634489.773,4389627.198,-60
633231.906,4390183.138,-41
632312.197,4390952.730,-41
631557.445,4392603.303,-34
631214.923,4394150.673,-39
631290.663,4395523.827,-39
631644.157,4396878.375,-68
632098.628,4398277.065,-100
646343.784,4389694.719,-239
643398.454,4388864.341,-164
641335.861,4389050.294,-212
639470.128,4389413.568,-195
638607.673,4391064.741,-250
637413.668,4393886.365,-265
638453.161,4394639.695,-300
637234.135,4395486.077,-270
636727.325,4395514.222,-275
635833.516,4396794.128,-277
636566.322,4397988.276,-285
635115.210,4398205.624,-245
634425.562,4399612.649,-205
633008.242,4399817.336,-145
631667.646,4399692.913,-106
654105.220,4443914.624,-108
652380.517,4443585.224,-64
650631.880,4442078.479,-55
649566.246,4442213.023,-42
648294.086,4442211.701,-30
646844.750,4442190.468,-22
645766.743,4442152.298,-17
644287.665,4441947.363,-16
644204.716,4443218.366,-12
643017.550,4442855.258,-12
642942.987,4441800.694,-14
635349.251,4403338.203,-245
634338.991,4403188.251,-215
633163.330,4403036.646,-180
631984.694,4402870.362,-135
630504.886,4402769.705,-100
628931.953,4402890.989,-33
628206.121,4402932.243,-25
635441.567,4404165.473,-245
633378.954,4404423.119,-180
632395.132,4404432.537,-155
631369.712,4404451.746,-135
630088.740,4404476.367,-98
628796.889,4404537.422,-45
628845.097,4405631.635,-27
628885.153,4406844.172,-23
630568.123,4407019.737,-70
632285.639,4407151.183,-110
633473.672,4407129.279,-155
634909.941,4407019.107,-200
636188.326,4409236.303,-170
635444.470,4409462.306,-150
634313.202,4409533.413,-120
633390.904,4409603.666,-90
632291.541,4410286.632,-50
633687.030,4410449.411,-75
635248.644,4410927.710,-109
636557.074,4410867.729,-143
637724.226,4411001.076,-180
638903.020,4411082.978,-280
640368.698,4413372.897,-265
639792.765,4414000.137,-145
638850.583,4414124.726,-95
637564.088,4414239.937,-65
636232.402,4414306.445,-45
635934.293,4415675.507,-30
636132.123,4416144.408,-30
637872.834,4416488.566,-35
639210.469,4416720.600,-48
640709.706,4417036.616,-67
642300.692,4417328.342,-185
643563.578,4417618.705,-195
643934.143,4418857.074,-108
642696.517,4419474.152,-79
641480.475,4419538.222,-55
640177.870,4419553.452,-37
638921.931,4419706.627,-15
638952.273,4420863.544,-10
640266.114,4421557.375,-24
641990.817,4421889.811,-44
643621.521,4422218.591,-66
645181.648,4422424.126,-85
646681.174,4422611.257,-101
648129.518,4422940.161,-123
648329.414,4424337.509,-124
648649.849,4425275.354,-114
647041.514,4425312.863,-94
645663.478,4425351.900,-81
644403.215,4425516.229,-67
642832.740,4425195.896,-52
643187.359,4427166.152,-45
644894.589,4427591.802,-65
646105.694,4428371.515,-84
647836.717,4428780.146,-92
649329.200,4429209.246,-115
649404.316,4430811.555,-165
648646.374,4431168.136,-105
647793.027,4431351.013,-90
646717.665,4431415.538,-68
645741.444,4431486.796,-55
644656.167,4431569.139,-50
643522.159,4431595.928,-40
641993.055,4431469.577,-30
639446.184,4432218.228,-21
640677.255,4432329.874,-23
642387.046,4433073.055,-28
643724.144,4433109.242,-34
645030.343,4433215.820,-46
646485.420,4433530.266,-61
647948.140,4433936.377,-78
648684.263,4436373.843,-74
647636.329,4436418.623,-59
646563.280,4436485.378,-48
645644.066,4436341.457,-39
644598.363,4436152.839,-33
643320.420,4436033.124,-24
641879.821,4435920.350,-24
640318.579,4435897.547,-16
650340.651,4439229.656,-70
648799.939,4439043.971,-50
647261.830,4438961.766,-35
645799.978,4438905.254,-25
644404.881,4438830.430,-21
642978.142,4438683.644,-20
641672.301,4438486.415,-20
640342.675,4438184.288,-16
651763.314,4460408.561,-9.9
