684264.500,4327149.100,-0.5
684324.300,4327133.100,-1.5
684380.000,4327122.800,-2
684433.800,4327110.600,-3
684523.800,4327091.600,-3.5
684577.700,4327089.700,-4
684632.000,4327090.000,-4.5
684689.200,4327087.700,-4.5
684772.100,4327070.900,-5
684856.500,4327050.900,-5
684964.000,4327056.400,-6
685067.500,4327070.900,-7
685198.200,4327078.000,-8.5
685332.200,4327077.900,-9.5
685404.500,4327087.800,-10
685471.100,4327104.600,-11
685560.000,4327110.100,-12.5
685642.900,4327121.800,-13
685743.400,4327117.200,-16
685830.800,4327114.500,-17.5
685811.800,4327229.300,-19
685664.500,4327228.100,-16.5
685542.000,4327229.600,-13
685406.600,4327231.700,-11
685262.400,4327229.400,-9.5
685124.600,4327228.600,-7.5
685014.700,4327229.900,-6.5
684930.800,4327225.800,-6
684845.400,4327225.000,-5.5
684761.600,4327228.200,-5
684681.200,4327226.500,-4.5
684581.700,4327225.400,-3.5
684486.500,4327226.500,-3
684344.300,4327204.100,-1
684269.700,4327199.500,-0.7
684246.300,4327200.400,-0.1
684276.000,4327241.800,-0.8
684319.600,4327232.500,-1
684258.500,4327265.200,-0.3
684307.900,4327270.900,-1.1
684297.500,4327308.200,-0.6
684289.100,4327341.800,-0.2
684337.800,4327349.600,-1
684346.400,4327306.600,-1.5
684380.600,4327336.900,-2
684400.300,4327355.000,-2
684404.900,4327344.200,-0.7
684427.800,4327363.900,-0.5
684447.000,4327344.000,-3
684433.000,4327313.400,-2
684376.300,4327274.300,-1.5
684411.900,4327252.300,-1.5
684480.000,4327298.800,-2
684330.700,4327377.300,-0.5
684377.600,4327382.900,-1.5
684406.500,4327412.700,-0.6
684394.000,4327436.800,-0.4
684452.400,4327386.200,-0.5
684534.200,4327336.500,-3.5
684516.600,4327369.200,-3
684492.800,4327399.700,-2
684522.000,4327409.700,-2.9
684476.700,4327424.400,-1.5
684459.400,4327444.900,-1.5
684610.600,4327349.300,-4
684685.500,4327360.500,-4.5
684760.900,4327369.300,-5
684829.100,4327387.200,-5.5
684897.000,4327387.100,-6
684978.500,4327394.100,-6
685094.500,4327383.800,-7.5
685218.800,4327379.700,-9.5
685363.800,4327380.100,-11
685518.400,4327376.300,-13
685658.700,4327349.800,-17
685820.600,4327334.600,-19.5
684447.300,4327475.700,-1.5
684420.200,4327464.500,-0.5
684406.800,4327484.100,-0.3
684397.800,4327513.500,-0.5
684427.400,4327512.600,-0.5
684476.700,4327513.600,-1
684520.600,4327525.600,-0.5
684552.600,4327523.800,-0.5
684506.500,4327475.600,-1.5
684543.100,4327459.300,-2
684517.200,4327601.500,-0.3
684551.400,4327579.700,-0.5
684587.600,4327585.100,-0.5
684633.700,4327607.700,-0.5
684587.000,4327634.700,-0.3
684655.300,4327632.200,-0.3
684661.700,4327591.400,-1
684655.300,4327564.400,-2.5
684620.000,4327551.100,-1.5
684595.900,4327507.700,-2
684644.800,4327525.200,-3
684614.900,4327480.500,-2.7
684622.000,4327446.600,-3.5
684576.100,4327428.600,-3.5
685914.800,4327515.600,-20
685770.600,4327508.800,-19
685610.900,4327516.900,-18
685535.700,4327501.200,-16
685462.500,4327486.800,-14
685345.500,4327482.600,-12.5
685271.300,4327492.300,-11
685192.100,4327494.200,-10
685133.800,4327498.300,-8
685076.000,4327507.900,-8
685030.800,4327516.800,-4
684989.200,4327514.000,-7
684930.400,4327514.000,-6
684877.100,4327520.000,-4
684859.900,4327529.300,-4.8
684926.500,4327551.500,-2.1
684628.200,4327396.000,-3.5
684701.900,4327421.500,-4
684766.700,4327435.700,-4.3
684839.100,4327460.100,-4.5
684676.200,4327464.000,-4
684731.900,4327484.500,-4
684777.800,4327502.200,-4.3
684823.000,4327516.600,-5.1
684712.000,4327541.500,-3.5
684754.900,4327543.000,-4.2
684790.900,4327550.400,-4.8
684829.300,4327554.600,-4.5
684677.800,4327601.800,-1
684691.400,4327601.300,-1.9
684720.200,4327598.400,-3.1
684741.100,4327597.100,-4
684761.700,4327595.300,-4.1
684783.200,4327594.100,-4
684805.000,4327588.700,-4.2
684823.000,4327589.400,-1
684790.200,4327632.900,-4.2
684826.700,4327653.100,-4.1
684793.800,4327655.000,-4.5
684764.000,4327655.100,-4
684727.300,4327655.500,-1.1
684688.500,4327651.600,-0.7
685086.000,4327525.000,-5
685074.200,4327547.700,-4.5
685132.400,4327545.800,-5
685167.600,4327531.500,-8
685202.100,4327537.200,-11
685144.600,4327595.800,-6
685188.500,4327645.300,-7
685293.900,4327641.500,-9
685418.900,4327653.900,-13
685537.600,4327660.300,-15.5
685659.000,4327658.800,-17.5
685808.800,4327678.700,-19.5
684956.500,4327610.800,-2.5
684994.300,4327646.400,-3
684962.200,4327671.100,-1.5
684994.800,4327697.500,-2
685008.400,4327676.600,-5
685062.000,4327718.300,-3.5
685101.300,4327687.400,-5
685173.900,4327752.000,-8.5
685272.800,4327778.700,-10
685380.400,4327811.400,-12.5
685507.400,4327841.900,-14
685624.700,4327886.300,-16.5
685805.700,4327927.000,-19
684872.900,4327652.900,-0.5
684895.800,4327663.500,-0.9
684904.000,4327686.000,-0.1
684822.000,4327688.100,-4
684869.900,4327705.500,-3
684845.300,4327714.600,-4
684860.200,4327725.800,-3.8
684911.300,4327709.200,-0.3
684930.100,4327735.900,-0.3
684879.100,4327736.600,-3
684899.600,4327758.100,-2
684936.800,4327759.600,-0.1
684915.200,4327775.200,-1
684927.900,4327783.100,-0.5
684656.300,4327717.700,-0.3
684668.200,4327691.500,-0.5
684694.200,4327712.300,-0.5
684716.500,4327689.300,-0.8
684734.200,4327704.700,-0.7
684757.900,4327726.200,-0.3
684727.500,4327734.300,-0.5
684697.600,4327746.600,-0.3
684765.300,4327764.500,-0.3
684785.200,4327752.200,-0.3
684812.900,4327781.200,-0.2
684860.300,4327772.600,-0.5
684852.000,4327799.900,-0.2
684871.400,4327811.500,-0.4
684905.600,4327806.700,-0.4
684856.300,4327827.700,-0.4
684820.900,4327830.200,-0.2
684789.900,4327836.500,-0.2
684819.700,4327854.800,-0.2
684850.200,4327856.000,-0.2
684844.600,4327894.300,-0.2
684793.300,4327875.000,-0.1
684765.300,4327852.800,-0.1
684734.900,4327865.700,-0.2
684778.400,4327901.500,-0.1
684817.500,4327918.800,-0.2
684775.100,4327950.400,-0.2
684829.300,4327955.300,-0.1
685031.800,4327751.500,-4.5
685025.200,4327781.100,-3.5
685007.500,4327815.900,-3
685046.800,4327827.400,-7
685093.700,4327767.300,-8.5
685146.600,4327880.600,-8
685216.300,4327920.100,-10
685319.500,4327969.900,-13
685416.100,4328036.400,-15.5
685499.200,4328080.800,-16.5
685659.900,4328174.300,-18
684981.000,4327870.900,-3
685036.600,4327883.000,-6
684969.600,4327910.600,-2
684964.100,4327945.700,-5
684893.100,4327961.300,-3
684872.400,4328014.500,-3.5
684915.600,4328010.800,-2.5
684952.100,4327984.700,-4
685012.100,4327990.700,-2.5
685048.100,4327988.700,-4.5
685031.400,4327955.500,-3.5
685097.500,4328070.400,-10
685197.300,4328151.300,-13
685289.300,4328214.800,-15
685399.600,4328292.900,-17
685508.300,4328386.900,-18
684985.600,4328032.400,-5.5
684913.600,4328052.300,-9
684801.300,4328007.200,-0.8
684822.300,4328048.500,-0.5
684715.700,4328014.600,-0.5
684758.300,4328056.500,-0.5
684682.600,4328068.700,-1.2
684661.500,4328098.400,-2
684661.500,4328118.600,-3
684574.000,4328057.200,-0.3
684543.000,4328094.800,-0.6
684585.300,4328147.400,-3.1
684529.900,4328129.700,-0.5
684503.700,4328098.200,-2
684443.200,4328130.400,-1.5
684435.300,4328169.100,-2
684381.200,4328171.800,-0.7
684410.700,4328194.000,-1.5
684366.700,4328199.400,-2
684289.000,4328197.100,-2
684298.000,4328231.800,-3
684215.000,4328222.900,-0.8
684180.000,4328245.400,-1
684192.600,4328302.300,-3
684124.700,4328306.900,-3
684086.300,4328335.400,-3.5
684091.200,4328362.200,-2
684112.800,4328376.000,-3.5
684009.300,4328378.000,-5
684056.100,4328422.100,-5
684087.900,4328497.000,-8
684184.200,4328428.300,-6
684282.000,4328431.900,-7
684143.600,4328340.800,-3
684201.000,4328348.200,-4.5
684287.300,4328334.100,-5.5
684265.000,4328311.300,-5
684288.700,4328272.300,-5.5
684314.600,4328304.200,-4.5
684397.400,4328221.100,-1.5
684370.700,4328306.400,-5.5
684449.500,4328303.000,-6
684416.800,4328296.700,-6
684506.700,4328295.600,-7
684497.500,4328263.600,-7
684558.300,4328258.700,-6.5
684572.300,4328211.500,-4
684647.300,4328177.700,-2.5
684677.800,4328223.200,-8.5
684753.900,4328142.600,-3.5
684762.400,4328089.300,-1
684868.800,4328097.900,-6.5
684891.700,4328098.800,-7
684911.900,4328130.400,-9
684939.600,4328164.300,-10
684948.900,4328188.100,-11
684882.900,4328177.200,-9
684794.800,4328167.800,-8
684476.700,4328205.500,-2
684459.100,4328402.100,-7.5
684461.000,4328504.600,-9.5
684253.800,4328549.900,-9
684443.100,4328605.400,-11.5
684619.500,4328523.700,-12
684622.200,4328441.200,-10.5
684597.900,4328355.500,-8.5
684710.500,4328335.900,-10
684825.400,4328271.100,-10
684910.600,4328248.500,-11.5
685014.500,4328228.500,-12
685096.900,4328283.700,-13.5
685157.500,4328332.800,-15
685223.800,4328391.100,-18
685333.200,4328478.300,-19
684952.700,4328361.600,-12.5
684808.500,4328380.800,-11.5
684730.100,4328448.900,-12
684765.800,4328543.900,-13
684893.600,4328507.100,-14
685036.800,4328479.400,-14.5
684435.500,4327496.200,-1
684799.300,4327718.400,-2.5
684683.900,4327660.300,-0.6
684704.700,4327652.700,-1
