586307.0,4353480.1,-91.0
586916.5,4353579.0,-90.0
587503.7,4353662.0,-86.0
588055.7,4353671.6,-65.0
588068.5,4354261.9,-50.0
587692.0,4354392.8,-65.0
587175.0,4354322.6,-82.0
586702.7,4354230.0,-88.0
586192.1,4354274.7,-72.0
585703.9,4354313.0,-90.0
585611.4,4353323.8,-128.0
584966.7,4353148.2,-147.0
583728.6,4352912.1,-345.0
583409.5,4354632.1,-272.0
584877.4,4354836.4,-124.0
585525.2,4355075.7,-108.0
586157.0,4355356.5,-100.0
586820.8,4355388.4,-83.0
587356.9,4355321.4,-66.0
588014.3,4355624.6,-46.0
587130.3,4356463.8,-55.0
586635.7,4356294.7,-78.0
586192.1,4356128.8,-96.0
585557.1,4355835.2,-108.0
583192.5,4356543.6,-200.0
584421.1,4356741.4,-119.0
585030.6,4356888.2,-117.0
585665.6,4357035.0,-100.0
586086.8,4357066.9,-85.0
586488.9,4357108.4,-77.0
586954.8,4357140.3,-62.0
584737.0,4357513.7,-112.0
585234.8,4357654.1,-95.0
585739.0,4357759.4,-85.0
586220.9,4357909.4,-81.0
586699.5,4358053.0,-68.0
587031.4,4358167.9,-49.0
586699.5,4358787.0,-59.0
586198.5,4358684.8,-83.0
585646.5,4358578.6,-98.0
585144.5,4358525.9,-104.0
584712.7,4358487.3,-109.0
584793.5,4359294.7,-100.0
585313.0,4359382.4,-90.0
585706.1,4359378.9,-81.0
586137.9,4359392.9,-67.0
586253.7,4359870.3,-50.0
585765.8,4360158.2,-70.0
585288.4,4360196.8,-84.0
584786.4,4360231.9,-91.0
584295.0,4358445.2,-115.0
583399.9,4358357.4,-133.0
582322.3,4358146.8,-230.0
584319.6,4359235.0,-107.0
583873.8,4359098.1,-120.0
583445.5,4359020.9,-130.0
584228.3,4360147.6,-105.0
583624.6,4360007.2,-113.0
582869.9,4359824.7,-132.0
581781.7,4359768.5,-171.0
581416.6,4358859.4,-230.0
588355.2,4355240.8,-37.0
588233.3,4355380.2,-33.0
588424.9,4355449.9,-25.0
588634.0,4355524.5,-18.0
588815.6,4355569.3,-14.0
588930.1,4355624.1,-11.0
589057.0,4355668.9,-8.5
589191.4,4355703.7,-6.5
589325.8,4355746.0,-4.0
589288.4,4355975.0,-7.0
589238.7,4356184.0,-4.0
589091.8,4356149.2,-7.5
588947.5,4356119.3,-10.0
588810.6,4356089.4,-13.0
588666.3,4356054.6,-16.0
588517.0,4356002.3,-19.0
588300.5,4355932.7,-26.0
588103.9,4355872.9,-34.0
588064.1,4356082.0,-31.0
588044.2,4356320.9,-29.0
588327.9,4356442.8,-19.0
588561.8,4356592.1,-15.0
588676.3,4356627.0,-12.0
588810.6,4356676.7,-10.0
588950.0,4356734.0,-5.5
589084.4,4356788.7,-4.5
589017.2,4356900.7,-4.0
588930.1,4357007.7,-4.0
588835.5,4356955.4,-6.0
588741.0,4356915.6,-9.0
588651.4,4356873.3,-12.0
588569.3,4356836.0,-14.0
588484.6,4356796.2,-16.0
588390.1,4356743.9,-18.0
588268.1,4356686.7,-20.0
588051.6,4356562.3,-26.0
587688.3,4356686.7,-38.0
587850.1,4356450.3,-35.0
587929.7,4356920.6,-29.0
588116.3,4356938.0,-24.0
588312.9,4356975.3,-19.0
588482.2,4357010.2,-15.0
588546.9,4357045.0,-12.0
588621.5,4357094.8,-9.0
588701.1,4357147.0,-5.0
588770.8,4357186.9,-4.5
588688.7,4357303.8,-4.0
588606.6,4357425.8,-4.5
588487.1,4357381.0,-9.0
588380.1,4357338.7,-14.0
588176.1,4357336.2,-18.0
587902.3,4357338.7,-25.0
587660.9,4357338.7,-34.0
587414.6,4357483.0,-45.0
587608.7,4357512.9,-34.0
587566.4,4357721.9,-32.0
587715.7,4357729.4,-26.0
587899.8,4357731.9,-20.0
588081.5,4357751.8,-16.0
588166.1,4357781.6,-14.0
588265.7,4357814.0,-12.0
588365.2,4357848.8,-8.0
588457.3,4357871.2,-4.5
588392.6,4358100.2,-4.5
588345.3,4358321.6,-4.5
588215.9,4358299.2,-8.5
588096.4,4358264.4,-12.0
587977.0,4358222.1,-15.0
587735.6,4358204.7,-20.0
587494.2,4358182.3,-27.0
587270.2,4358172.3,-38.0
587504.2,4358446.1,-29.0
587170.7,4358378.9,-38.0
587076.1,4358622.7,-36.0
587250.3,4358627.7,-28.0
587449.4,4358662.6,-22.0
587648.5,4358702.4,-18.0
587770.4,4358732.2,-16.0
587877.4,4358764.6,-14.0
587972.0,4358794.4,-12.0
588084.0,4358826.8,-9.0
588183.5,4358866.6,-5.0
587312.6,4358921.4,-27.0
588098.9,4359065.7,-4.5
588039.2,4359257.3,-4.5
587944.6,4359225.0,-8.5
587830.2,4359195.1,-12.0
587695.8,4359155.3,-14.0
587593.8,4359135.4,-16.0
587364.8,4359073.2,-20.0
587133.4,4359025.9,-26.0
586931.8,4358991.0,-34.0
586906.9,4359170.2,-33.0
587018.9,4359254.8,-30.0
586578.4,4359399.2,-48.0
586837.2,4359436.5,-31.0
587011.4,4359493.7,-27.0
587185.6,4359551.0,-21.0
587409.6,4359625.6,-17.0
587576.3,4359697.8,-13.5
587668.4,4359727.6,-11.0
587760.5,4359765.0,-8.0
587862.5,4359802.3,-4.5
587792.8,4359988.9,-4.5
586797.4,4360329.9,-22.0
587088.6,4359993.9,-20.0
587081.1,4359969.0,-20.0
587205.5,4360043.7,-17.0
587297.6,4360078.5,-15.0
587394.7,4360115.8,-14.0
587509.1,4360148.2,-11.0
587616.2,4360178.1,-7.5
587708.2,4360212.9,-5.0
587650.5,4360400.3,-4.5
587568.4,4360649.4,-5.0
587453.4,4360624.7,-8.5
587341.2,4360605.6,-11.0
587237.2,4360580.9,-13.0
587127.7,4360545.4,-15.0
586911.4,4360545.4,-20.0
586700.6,4360564.5,-25.0
586462.5,4360583.7,-32.0
588311.8,4355093.6,-34.0
588341.8,4354887.4,-34.0
588478.8,4354851.2,-29.0
588549.8,4354922.0,-23.0
588806.6,4354947.2,-18.0
589068.7,4355007.1,-12.0
589246.7,4355040.2,-6.0
589431.1,4355057.5,-6.0
589471.8,4354827.3,-6.0
589508.3,4354578.1,-5.5
589398.6,4354549.4,-5.5
589276.0,4354516.8,-8.5
589169.2,4354496.1,-11.0
589076.0,4354465.3,-14.5
588861.2,4354400.9,-20.0
588688.2,4354403.9,-29.0
588659.5,4354333.8,-25.0
588516.0,4354289.1,-33.0
589611.4,4353919.6,-5.5
589454.6,4353888.8,-8.5
589284.9,4353856.1,-12.5
589055.4,4353805.3,-18.0
588838.1,4353858.8,-25.0
588788.5,4353767.6,-24.0
588581.7,4353814.3,-50.0
588592.6,4353770.7,-35.0
588561.7,4354026.9,-34.0
589635.7,4353643.7,-6.0
589661.7,4353360.5,-5.5
589551.3,4353346.4,-6.5
589461.0,4353328.4,-10.0
589370.7,4353318.3,-13.0
589296.4,4353310.3,-15.0
589104.2,4353272.2,-20.0
588889.4,4353243.1,-26.0
588677.2,4353221.0,-34.0
588814.8,4353004.8,-37.0
588714.5,4352950.7,-36.0
589862.1,4352774.2,-4.5
589711.4,4352767.2,-8.0
589565.8,4352769.2,-11.0
589421.2,4352760.1,-14.0
589199.2,4352765.2,-19.0
588977.8,4352763.2,-26.0
588779.2,4352755.1,-36.0
588410.8,4352923.5,-62.0
588007.1,4352866.6,-77.0
587627.3,4352801.5,-92.0
587066.5,4352733.4,-104.0
586543.3,4352668.3,-124.0
585996.6,4352615.3,-141.0
584661.9,4351982.4,-235.0
585701.9,4351839.6,-146.0
586483.5,4351774.5,-132.0
587010.7,4351855.7,-118.0
587557.3,4351944.4,-99.0
588156.3,4352138.5,-80.0
588701.8,4352355.5,-45.0
589128.6,4352375.2,-24.0
589910.2,4352542.0,-4.5
589958.4,4352295.6,-4.5
589817.3,4352254.2,-8.5
589668.2,4352228.8,-12.0
589534.7,4352203.8,-15.0
589423.0,4352187.1,-18.0
589211.9,4352120.2,-23.0
589011.2,4352065.8,-29.5
589055.4,4351766.5,-31.0
589093.6,4351526.9,-31.0
589305.9,4351516.1,-23.0
589499.7,4351590.4,-22.0
589566.4,4351557.1,-18.0
589664.5,4351572.1,-15.0
589783.7,4351590.5,-12.0
589923.1,4351621.4,-7.5
590043.7,4351634.3,-4.5
589277.2,4351357.2,-33.0
588939.0,4351272.7,-52.0
588220.2,4351304.5,-89.0
587740.8,4351272.6,-104.0
587185.7,4351225.3,-113.0
586780.0,4351162.7,-119.0
586344.6,4351092.1,-135.0
584726.8,4349937.3,-304.0
585422.4,4349997.1,-182.0
586074.9,4350086.5,-160.0
586831.9,4350176.8,-140.0
587537.0,4350297.5,-116.0
588117.1,4350493.7,-93.0
588715.2,4350628.1,-70.0
589156.7,4350651.8,-43.0
589284.1,4350684.5,-34.0
589134.1,4350801.6,-38.0
589169.0,4350616.0,-37.0
589264.0,4350953.0,-31.0
589217.7,4350819.1,-32.0
589333.9,4350852.6,-29.0
589449.3,4350894.6,-25.0
589501.6,4350986.6,-24.0
589578.6,4350930.3,-23.0
589708.3,4351025.0,-18.0
589829.8,4351050.1,-15.0
589969.7,4351082.2,-8.0
590099.2,4351108.6,-6.0
590079.1,4351070.0,-7.0
590374.4,4350870.3,-3.5
590270.9,4350835.6,-4.0
590148.7,4350799.5,-8.0
590056.1,4350754.7,-12.0
589947.8,4350704.8,-15.0
589829.6,4350656.3,-17.0
589710.5,4350608.2,-20.0
589617.7,4350661.8,-26.0
589513.9,4350503.9,-27.0
589398.6,4350527.1,-28.0
589291.1,4350484.2,-36.0
589184.6,4350456.7,-39.0
589716.7,4350506.0,-21.0
589812.2,4350523.5,-18.0
589925.1,4350539.5,-16.0
590045.8,4350565.8,-14.0
590154.4,4350593.5,-12.0
590223.6,4350482.8,-10.0
590159.5,4350427.4,-12.0
590311.8,4350523.6,-8.0
590279.7,4350619.0,-10.0
590409.1,4350647.5,-7.0
590433.2,4350724.7,-3.0
590479.1,4350594.3,-4.0
590397.4,4350555.0,-5.0
590057.3,4350337.6,-14.0
589975.7,4350254.9,-15.0
589893.0,4350172.3,-17.0
589834.8,4350091.3,-19.0
589793.6,4350017.7,-22.0
589690.7,4349982.5,-24.0
589581.3,4349954.8,-28.0
589469.2,4349928.9,-32.0
589376.3,4349906.6,-37.0
589426.1,4350059.5,-39.0
588956.1,4349888.5,-68.0
588518.8,4349728.5,-89.0
587915.9,4349605.4,-113.0
587480.6,4349529.9,-122.0
587063.1,4349217.8,-135.0
587209.5,4348940.7,-135.0
587762.3,4349040.1,-120.0
585268.5,4348271.7,-325.0
585795.5,4348647.1,-212.0
586501.0,4348784.4,-155.0
588320.7,4349160.7,-99.0
588746.4,4349180.3,-83.0
589200.4,4349208.4,-65.0
589712.0,4349240.4,-35.0
589756.2,4349087.4,-32.0
589849.5,4349089.0,-29.0
589942.8,4349086.7,-24.0
590017.6,4349064.3,-21.0
590093.1,4349122.9,-18.0
590177.6,4349189.2,-15.0
590273.2,4349247.8,-14.0
590365.0,4349324.8,-12.0
590453.8,4349383.9,-10.0
590550.6,4349421.1,-5.0
590662.8,4349456.0,-6.5
590781.0,4349503.5,-5.0
590754.2,4349582.4,-6.5
590740.3,4349684.0,-5.0
590721.3,4349800.8,-4.0
590702.5,4349920.2,-5.0
590615.8,4349907.7,-6.0
590504.1,4349888.2,-5.0
590418.4,4349878.8,-8.0
590326.2,4349866.4,-12.0
590195.7,4349828.9,-14.0
590070.0,4349789.1,-16.0
589942.4,4349747.5,-19.0
589822.8,4349702.3,-21.0
589729.9,4349661.7,-25.0
589611.5,4349624.0,-28.0
589506.1,4349588.1,-34.0
589402.2,4349723.1,-38.0
589433.4,4349549.1,-40.0
589545.9,4348920.0,-35.0
589611.5,4348748.6,-36.0
589641.8,4348601.1,-36.0
589722.6,4348645.3,-30.0
589843.7,4348719.6,-26.0
589947.1,4348788.9,-23.0
590054.3,4348846.9,-21.0
590147.6,4348872.5,-18.0
590248.7,4348898.6,-15.0
590358.6,4348924.6,-13.0
590468.4,4348946.7,-10.0
590577.4,4348960.2,-9.0
589940.6,4348550.6,-30.0
590228.5,4348378.7,-19.0
590084.2,4348361.2,-32.0
589960.5,4348348.6,-26.0
589835.9,4348337.5,-30.0
589719.4,4348319.2,-38.0
589331.7,4348341.1,-70.0
588702.2,4348140.6,-97.0
588209.0,4348088.0,-110.0
587697.0,4348098.2,-134.0
585382.3,4347327.6,-320.0
586157.4,4347295.7,-202.0
586720.8,4347311.3,-150.0
587389.0,4347299.8,-137.0
587832.3,4347353.4,-120.0
588321.7,4347376.2,-112.0
588711.4,4347443.9,-100.0
589047.0,4347541.8,-81.0
589411.6,4347654.6,-63.0
589900.7,4347642.9,-35.0
589743.5,4348103.1,-38.0
589752.7,4347902.8,-38.0
589859.7,4347977.7,-32.0
589986.8,4348045.0,-27.0
590135.4,4348117.5,-24.0
590234.7,4348082.2,-21.0
590322.3,4348042.7,-18.0
590413.3,4348013.2,-16.0
590523.1,4347991.3,-14.0
590595.5,4348030.0,-11.0
590694.9,4348093.1,-8.0
590782.5,4348155.4,-5.0
590897.3,4348192.7,-5.0
590952.0,4348076.6,-4.5
590982.4,4347963.9,-6.5
591005.3,4347860.1,-6.0
591026.4,4347771.4,-6.0
590883.4,4347658.7,-5.0
590767.0,4347569.5,-9.5
590990.2,4347633.6,-5.0
591003.8,4347537.3,-5.0
591018.7,4347446.5,-5.0
591032.3,4347334.0,-5.0
591050.1,4347227.6,-5.0
591074.5,4347142.2,-4.0
590614.3,4347507.0,-12.0
590525.6,4347471.8,-15.0
590363.6,4347416.4,-18.0
590250.4,4347382.1,-20.0
590131.9,4347351.2,-24.0
590018.2,4347315.8,-28.0
589903.2,4347281.5,-34.0
589866.3,4347048.1,-51.0
589890.3,4346851.7,-42.0
589990.7,4346878.3,-32.0
590121.2,4346898.0,-26.0
590258.4,4346930.6,-22.0
590382.3,4346950.3,-20.0
590502.2,4346972.7,-16.0
590648.9,4347002.9,-12.0
590754.2,4347035.7,-9.0
590853.4,4347069.3,-5.0
590972.1,4347107.5,-6.0
591113.6,4346880.3,-6.0
591001.4,4346864.8,-5.5
590864.2,4346831.1,-10.0
590699.4,4346807.9,-13.0
590522.6,4346761.6,-17.0
590373.0,4346750.6,-20.0
590228.9,4346709.0,-24.0
590086.2,4346693.8,-28.0
589338.0,4346867.0,-85.0
588842.3,4346645.5,-110.0
588270.5,4346599.4,-129.0
587729.2,4346548.4,-140.0
587016.7,4346566.8,-157.0
586300.4,4346562.5,-210.0
585661.8,4345549.1,-280.0
586287.3,4345661.5,-180.0
586911.8,4345783.0,-156.0
587356.9,4345874.9,-155.0
587825.7,4345968.7,-135.0
588228.1,4346057.1,-125.0
588678.7,4346158.8,-112.0
589160.7,4346186.3,-90.0
589661.4,4346238.8,-70.0
589947.1,4346582.0,-41.0
589984.0,4346366.2,-41.0
590096.5,4346386.9,-26.0
590127.5,4346462.3,-29.0
590203.0,4346404.6,-32.0
590328.7,4346437.2,-22.0
590449.2,4346458.0,-19.0
590576.4,4346481.6,-17.0
590696.2,4346523.0,-14.0
590805.7,4346557.0,-12.0
590937.3,4346582.1,-8.0
591084.3,4346623.0,-5.0
591118.2,4346325.8,-4.0
590982.8,4346309.4,-6.0
590828.1,4346306.5,-10.0
590689.8,4346303.5,-14.0
590593.1,4346281.2,-16.0
590437.6,4346270.8,-18.0
590335.0,4346264.9,-21.0
590235.3,4346254.5,-25.0
590152.0,4346247.0,-30.0
591134.6,4345775.6,-3.8
590963.1,4345771.1,-7.0
590779.5,4345822.2,-11.0
590600.5,4345825.2,-15.0
590503.9,4345744.2,-18.0
590458.8,4345681.0,-22.0
590272.2,4345646.5,-27.0
590156.4,4345607.4,-34.0
590163.9,4345354.8,-35.0
590206.7,4345127.7,-36.0
590301.4,4345124.7,-29.0
590452.6,4345141.5,-24.0
590525.9,4345141.5,-21.0
590663.3,4345120.1,-18.0
590788.6,4345127.7,-15.0
590913.8,4345164.4,-12.0
591049.0,4345187.5,-6.3
591166.6,4345193.6,-6.3
591186.2,4344951.1,-6.3
591212.3,4344709.1,-6.3
591066.7,4344701.4,-8.0
590911.8,4344692.3,-12.0
590808.8,4344661.3,-16.0
590631.0,4344655.2,-20.0
590476.1,4344646.0,-24.0
590333.6,4344638.3,-30.0
590221.7,4344627.6,-42.0
589695.4,4345385.7,-74.0
588704.8,4345266.3,-112.0
588133.1,4345213.3,-128.0
587650.2,4345203.7,-170.0
586845.6,4345054.4,-255.0
587962.4,4344495.0,-135.0
588597.4,4344587.4,-118.0
589090.9,4344689.1,-100.0
589614.6,4344805.6,-75.0
591210.9,4344208.1,-4.7
591067.9,4344194.2,-10.0
590904.0,4344196.2,-14.0
590790.8,4344166.4,-17.0
590668.2,4344150.4,-19.0
590548.0,4344128.6,-22.0
590439.8,4344125.6,-27.0
590351.4,4344127.6,-32.0
590325.3,4344348.0,-31.0
590195.7,4343981.9,-52.0
589699.9,4343928.8,-85.0
591205.9,4343899.0,-4.6
591181.7,4343619.7,-4.5
591055.6,4343610.0,-8.0
590936.1,4343598.7,-12.0
590813.3,4343587.4,-16.0
590713.1,4343572.9,-20.0
590627.5,4343548.7,-23.0
590453.0,4343514.8,-29.0
590330.2,4343489.0,-38.0
589203.1,4343862.1,-110.0
588637.8,4343798.0,-130.0
587948.8,4343820.4,-145.0
587362.8,4343846.8,-160.0
586284.5,4343602.3,-292.0
590371.9,4343233.8,-37.0
590429.6,4343039.3,-36.0
590533.5,4343069.0,-28.0
590645.6,4343085.5,-24.0
590789.1,4343100.3,-20.0
590901.3,4343121.7,-17.0
591023.3,4343138.2,-14.0
591069.5,4343240.4,-6.0
591243.4,4343009.3,-4.9
591386.0,4342737.5,-4.2
591269.2,4342714.8,-7.0
591129.8,4342679.7,-11.0
590979.8,4342634.9,-16.0
590874.5,4342593.6,-19.0
590715.4,4342560.6,-23.0
590580.5,4342519.1,-28.0
590480.3,4342487.1,-33.0
590022.8,4342573.1,-56.0
590498.6,4342203.5,-31.0
590510.3,4341981.9,-29.0
590672.7,4342015.3,-24.0
590826.3,4342048.7,-20.0
590974.6,4342079.0,-17.0
591119.8,4342098.8,-14.0
591253.5,4342119.7,-11.0
591367.4,4342141.6,-5.5
591374.2,4341885.3,-7.0
591384.6,4341675.4,-7.0
591214.9,4341643.1,-10.0
591061.0,4341619.3,-13.0
590957.0,4341603.4,-16.0
590746.9,4341520.3,-20.0
590582.5,4341467.9,-24.0
590446.2,4341544.0,-39.0
589829.4,4343178.7,-72.0
589454.8,4343178.7,-95.0
589506.0,4342554.7,-90.0
589012.8,4342568.4,-107.0
589068.0,4343171.1,-107.0
588650.2,4343212.8,-118.0
588332.1,4342416.0,-126.0
588156.9,4343129.4,-130.0
587700.6,4343056.9,-195.0
587647.6,4342267.6,-158.0
586783.0,4342248.5,-214.0
588452.4,4341478.6,-144.0
588817.4,4341590.0,-115.0
589233.2,4341713.6,-95.0
589655.2,4341737.4,-86.0
590018.3,4341767.0,-60.0
589973.7,4340914.7,-54.0
589395.0,4340897.1,-106.0
588875.4,4340892.7,-122.0
588419.0,4340935.5,-140.0
587955.2,4341009.7,-170.0
587240.7,4341053.8,-320.0
586424.6,4340702.8,-340.0
591348.8,4341449.7,-4.0
591260.8,4341429.6,-6.0
591169.5,4341401.8,-9.0
591088.3,4341377.4,-11.0
590993.6,4341346.2,-13.0
590897.9,4341315.1,-15.0
590808.8,4341295.1,-18.0
590914.6,4341240.5,-18.0
591046.0,4341252.8,-15.0
591164.0,4341259.5,-12.0
591294.2,4341265.0,-9.0
591416.7,4341268.4,-3.9
590718.0,4341268.5,-20.0
590743.7,4341133.4,-21.0
590773.9,4340954.8,-19.0
590671.1,4340938.0,-25.0
590597.3,4341060.8,-25.0
590537.0,4341210.4,-27.0
590629.8,4341237.2,-23.0
590468.8,4341290.8,-35.0
590467.7,4341191.5,-31.0
590386.0,4341168.9,-40.0
590424.0,4341013.7,-38.0
590502.2,4340982.4,-29.0
590491.1,4340914.3,-36.0
590584.9,4340923.2,-29.0
590954.3,4340965.4,-16.0
591133.8,4340979.4,-14.0
591293.0,4340994.8,-10.0
591431.5,4340981.5,-8.0
591447.6,4340880.6,-6.5
591465.2,4340719.8,-6.0
591458.4,4340588.4,-6.0
591346.5,4340556.0,-9.5
591220.5,4340523.0,-12.0
591111.7,4340498.8,-14.0
591020.2,4340498.8,-17.0
590946.3,4340477.7,-19.0
590827.3,4340465.7,-23.0
590708.7,4340427.7,-27.0
590568.6,4340436.8,-33.0
590428.5,4340441.7,-43.0
590444.6,4340249.5,-42.0
590484.9,4340152.0,-41.0
590571.1,4340189.5,-34.0
590651.6,4340224.0,-29.0
590774.6,4340226.9,-26.0
590898.7,4340226.5,-23.0
591007.0,4340226.5,-19.0
591136.2,4340211.6,-17.0
591242.4,4340213.1,-14.0
591350.7,4340219.4,-12.0
591459.0,4340210.2,-7.0
591459.0,4340156.7,-7.0
591487.7,4340037.3,-6.0
591506.9,4339933.7,-6.5
591352.5,4339911.6,-11.0
591211.9,4339913.7,-14.0
591098.6,4339891.6,-17.0
590996.3,4339863.9,-19.0
590898.2,4339849.7,-22.0
590774.2,4339836.2,-27.0
590632.1,4339847.6,-33.0
590499.9,4339856.8,-42.0
590279.2,4340250.2,-72.0
589697.6,4340230.8,-90.0
589274.6,4340222.6,-100.0
588869.1,4340199.7,-114.0
588463.0,4340260.5,-128.0
587978.1,4340041.2,-173.0
586881.6,4339213.3,-252.0
587591.3,4339312.6,-173.0
588200.2,4339341.6,-145.0
588807.7,4339371.8,-124.0
589252.2,4339385.8,-108.0
589784.6,4339404.3,-90.0
590285.8,4339399.9,-58.0
591451.8,4339688.8,-7.5
591259.7,4339651.3,-11.0
591132.1,4339631.4,-16.0
591027.8,4339612.7,-17.0
590917.8,4339598.7,-21.0
590804.1,4339582.3,-24.0
590698.2,4339549.4,-29.0
590610.3,4339535.4,-35.0
590510.8,4339650.0,-43.0
590520.1,4339507.3,-43.0
591452.6,4339555.3,-4.0
591491.5,4339422.1,-4.0
591552.9,4339274.7,-5.0
591510.4,4339174.5,-6.0
591381.0,4339145.1,-9.0
591271.3,4339106.1,-12.0
591163.5,4339072.3,-15.0
591051.0,4339035.7,-18.0
590943.6,4338982.1,-21.0
590789.6,4338988.0,-25.0
590669.1,4338983.2,-31.0
590555.7,4338965.4,-40.0
590562.8,4338750.1,-40.0
590577.1,4338599.9,-40.0
590694.1,4338617.8,-32.0
590826.5,4338645.2,-27.0
590947.1,4338665.5,-22.0
591078.3,4338694.1,-19.0
591224.4,4338731.3,-16.0
591356.8,4338758.7,-13.0
591477.4,4338787.4,-9.5
591588.3,4338811.2,-7.0
591599.1,4338740.9,-5.0
591615.8,4338647.9,-5.5
591646.0,4338536.4,-6.5
591666.3,4338449.4,-4.0
591679.5,4338358.8,-4.0
591598.3,4338323.0,-7.0
591516.0,4338289.6,-11.0
591431.2,4338275.3,-14.0
591340.0,4338255.8,-16.0
591252.9,4338221.2,-19.0
591161.0,4338190.2,-22.0
591072.7,4338158.0,-27.0
590983.2,4338134.1,-34.0
590891.3,4338117.5,-42.0
590933.1,4337992.8,-41.0
590990.3,4337895.1,-40.0
591060.8,4337929.7,-33.0
591133.5,4337959.5,-26.0
591244.5,4337973.8,-23.0
591350.7,4337967.8,-23.0
591465.8,4337964.4,-17.0
591595.8,4337958.4,-12.0
591724.7,4337937.0,-5.0
591736.6,4337792.2,-6.0
591752.2,4337632.4,-5.5
591764.1,4337494.1,-4.5
591647.0,4337436.2,-7.0
591512.2,4337380.2,-11.0
591390.4,4337312.2,-14.5
591267.5,4337261.0,-17.0
591145.4,4337209.4,-20.0
591027.2,4337152.1,-24.0
590904.3,4337098.5,-30.0
590770.7,4337048.4,-40.0
590989.0,4337395.4,-32.0
590648.6,4337762.3,-50.0
590166.7,4337883.4,-76.0
589637.9,4337816.4,-103.0
589116.7,4337804.9,-124.0
588479.8,4337728.3,-146.0
587878.9,4337691.9,-163.0
587117.4,4337375.6,-249.0
590469.6,4338634.7,-60.0
590067.8,4338977.5,-72.0
589579.6,4338738.0,-86.0
589108.7,4338674.6,-106.0
587637.5,4336862.5,-196.0
588206.8,4336940.8,-218.0
588747.9,4337025.2,-162.0
589325.7,4337049.8,-118.0
589913.1,4337090.2,-84.0
590405.1,4336887.1,-60.0
590844.5,4336830.9,-37.0
590812.4,4336889.1,-37.0
590841.4,4336697.4,-35.0
590922.1,4336750.4,-28.0
591018.4,4336814.4,-24.0
591132.1,4336876.6,-21.0
591169.3,4336731.5,-23.0
591236.2,4336875.1,-18.0
591358.1,4336876.5,-15.0
591488.1,4336901.6,-12.0
591622.7,4336922.8,-8.0
591744.0,4336941.6,-5.0
591854.8,4336949.1,-5.0
591855.8,4336846.5,-6.5
591855.8,4336731.8,-6.0
591863.4,4336639.7,-6.0
591815.4,4336519.9,-5.5
591713.2,4336523.7,-6.0
591602.1,4336513.6,-10.0
591483.4,4336504.7,-14.0
591376.9,4336489.3,-17.0
591156.0,4336471.6,-23.0
590930.0,4336441.3,-32.0
591026.0,4336255.9,-39.0
590959.1,4336220.6,-29.0
590475.7,4336279.9,-62.0
589936.5,4336285.0,-87.0
589479.7,4336281.2,-114.0
589024.3,4336236.9,-142.0
590987.1,4336089.0,-29.0
591181.5,4336096.7,-20.0
591398.0,4336079.5,-15.0
591506.6,4336105.3,-12.0
591633.0,4336106.1,-6.5
591824.8,4336123.0,-6.0
591848.1,4335954.8,-5.5
591860.4,4335796.8,-5.5
591748.0,4335803.3,-5.5
591626.7,4335804.9,-10.0
591503.0,4335795.2,-14.0
591375.6,4335792.0,-17.0
591265.6,4335799.3,-20.0
591083.7,4335796.8,-26.0
590877.3,4335789.0,-34.0
591134.6,4335663.6,-28.0
590888.2,4335555.6,-34.0
590430.3,4335621.4,-66.0
589704.0,4335647.6,-94.0
589267.9,4335557.6,-110.0
588797.2,4335467.3,-130.0
588237.2,4335396.4,-214.0
587675.9,4335296.8,-270.0
590904.3,4335339.1,-31.0
591111.4,4335325.8,-24.0
591310.6,4335317.9,-18.0
591449.2,4335321.9,-15.0
591600.6,4335329.9,-12.0
591891.9,4335343.0,-5.5
591750.9,4335336.8,-7.0
591878.9,4335135.9,-5.0
591846.4,4334938.5,-4.0
591731.2,4334969.4,-7.5
591615.9,4334990.8,-12.0
591500.6,4335009.5,-14.0
591386.7,4335012.2,-17.0
591174.6,4335011.7,-22.0
590977.3,4335000.8,-29.0
590326.7,4334926.4,-65.0
590018.9,4335017.1,-72.0
589516.0,4334936.0,-102.0
589046.6,4334827.2,-155.0
588301.4,4334583.7,-235.0
587598.7,4334297.6,-365.0
588392.5,4333878.2,-240.0
588881.5,4333976.8,-138.0
589345.0,4334049.6,-115.0
589722.2,4334264.3,-90.0
589871.3,4333992.7,-82.0
589588.2,4333645.9,-90.0
589086.0,4333503.5,-112.0
588589.7,4333281.3,-150.0
588135.8,4333057.9,-320.0
590302.0,4334490.8,-65.0
590281.3,4334170.7,-65.0
590228.8,4333871.9,-67.0
591018.8,4334872.7,-32.0
590963.2,4334740.9,-29.0
590889.6,4334499.4,-35.0
590934.0,4334477.2,-28.0
591223.0,4334468.5,-21.0
591482.7,4334453.3,-15.0
591634.8,4334430.9,-12.0
591780.7,4334408.7,-10.0
591905.7,4334410.1,-7.5
591910.7,4334202.9,-5.5
591921.9,4333992.2,-5.5
591794.8,4333983.8,-10.0
591669.1,4333986.6,-12.0
591543.4,4333999.2,-14.0
591410.7,4334013.1,-16.0
591205.9,4333985.1,-22.0
591014.6,4333941.8,-30.0
590792.5,4334072.9,-41.0
590670.5,4333691.7,-47.0
591041.3,4333725.4,-30.0
591066.6,4333523.3,-30.0
591242.2,4333537.4,-25.0
591289.9,4333667.9,-24.0
591383.2,4333756.5,-21.0
591480.1,4333663.9,-18.0
591376.2,4333572.6,-10.7
591522.3,4333588.1,-15.0
591671.2,4333600.7,-12.0
591821.5,4333614.7,-8.0
591969.8,4333630.3,-5.0
590192.0,4333519.1,-69.0
590225.4,4333131.7,-69.0
590319.6,4332744.9,-65.0
590342.4,4332619.5,-72.0
590455.8,4332381.5,-61.0
590849.9,4331856.7,-51.0
591311.8,4331926.6,-32.0
591214.8,4332360.1,-33.0
591183.1,4332304.1,-31.0
591173.0,4332069.7,-32.0
590986.3,4332748.2,-39.0
590739.6,4333140.9,-47.0
588096.4,4332179.2,-230.0
588834.0,4332259.8,-165.0
589219.0,4332485.8,-120.0
589655.6,4332709.9,-100.0
589907.4,4333170.9,-90.0
589367.2,4333078.2,-110.0
588890.9,4332802.7,-152.0
591981.0,4333467.2,-4.5
591982.4,4333285.6,-4.5
591814.0,4333279.7,-8.5
591636.7,4333270.8,-15.0
591472.7,4333272.3,-19.0
591245.1,4333257.5,-25.0
591038.3,4333217.7,-31.0
591043.5,4332969.2,-30.0
591089.6,4332748.0,-31.0
591283.9,4332750.9,-24.0
591479.7,4332758.3,-18.0
591646.3,4332792.6,-14.0
591803.5,4332822.3,-9.0
591968.1,4332854.9,-4.5
592035.3,4332673.5,-4.0
592116.9,4332494.2,-4.0
592008.6,4332451.3,-8.0
591882.5,4332403.8,-11.0
591762.4,4332369.8,-14.0
591650.8,4332344.3,-17.0
591411.6,4332319.0,-24.0
592199.0,4332128.9,-6.5
592204.6,4332058.0,-3.9
592057.6,4332071.5,-11.0
591939.1,4332005.6,-14.0
591799.6,4331930.6,-17.0
591820.6,4331878.2,-16.0
591961.6,4331938.1,-12.0
592083.1,4331998.1,-7.0
591235.1,4331823.9,-32.0
591475.1,4331852.4,-25.0
591419.6,4331779.0,-25.0
591314.6,4331743.0,-31.0
591526.1,4331798.4,-24.0
591662.6,4331871.9,-20.0
591667.1,4331826.9,-20.0
589883.8,4332270.6,-90.0
588981.4,4331888.2,-120.0
588322.4,4331025.2,-128.0
588634.2,4330951.8,-118.0
589074.7,4331102.0,-108.0
589513.4,4331274.0,-94.0
589998.7,4331444.1,-85.0
590456.2,4331623.2,-71.0
590976.8,4331564.4,-54.0
591140.3,4331184.8,-51.0
590825.8,4330889.7,-60.0
590406.9,4330816.5,-78.0
589999.7,4330786.7,-80.0
589646.2,4330696.5,-90.0
589260.8,4330631.0,-92.0
588674.6,4330252.3,-114.0
587904.7,4330333.1,-130.0
582115.4,4352593.6,-470.0
582798.6,4347339.2,-500.0
584461.5,4341960.9,-440.0
585375.3,4335289.2,-440.0
584970.9,4330403.5,-510.0
587453.8,4329739.8,-230.0
588664.2,4329426.5,-138.0
589489.6,4329894.0,-94.0
590062.2,4330123.6,-70.0
590546.4,4330211.4,-65.0
591079.8,4330289.2,-63.0
591336.6,4330373.5,-54.0
591356.5,4331558.3,-31.0
591418.5,4331366.4,-32.0
591547.2,4331435.8,-27.0
591685.7,4331490.9,-23.0
591825.3,4331539.2,-20.0
591948.1,4331606.7,-15.0
592068.7,4331660.0,-12.0
592218.1,4331750.6,-6.0
592344.1,4331828.9,-2.0
592371.4,4331668.7,-3.0
592432.2,4331511.6,-4.0
592327.0,4331461.0,-5.0
592211.9,4331407.4,-11.0
592060.0,4331334.2,-15.0
591910.2,4331269.9,-18.0
591790.5,4331234.3,-22.0
591632.6,4331168.8,-27.0
591491.5,4331098.8,-33.0
591555.2,4330958.4,-32.0
591639.3,4330822.5,-32.0
591760.3,4330912.7,-28.0
591873.1,4330998.0,-22.0
591988.9,4331017.4,-18.0
592111.8,4331024.0,-15.0
592251.2,4331027.2,-10.0
592406.0,4331041.5,-4.0
592557.4,4331033.8,-4.0
592523.8,4330801.6,-3.0
592404.7,4330774.5,-9.0
592270.3,4330744.8,-13.0
592131.5,4330701.9,-17.0
591993.3,4330642.0,-20.0
591847.8,4330626.6,-25.0
591704.6,4330602.4,-30.0
591746.5,4330381.1,-30.0
591799.4,4330171.4,-30.0
591904.1,4330194.5,-26.0
592012.1,4330216.5,-23.0
592136.5,4330260.5,-19.0
592265.4,4330304.6,-16.0
592383.9,4330383.1,-13.0
592496.3,4330440.4,-8.0
592603.1,4330433.8,-5.0
592704.5,4330427.2,-4.0
592794.8,4330177.7,-4.0
592901.3,4329973.7,-4.0
592877.0,4329938.4,-5.0
592754.2,4329921.8,-7.0
592628.2,4329895.3,-7.0
592495.5,4329866.6,-12.0
592342.5,4329842.1,-17.0
592189.9,4329811.1,-21.0
592010.4,4329779.9,-26.0
591834.5,4329750.0,-33.0
591868.9,4329527.8,-32.0
591930.9,4329288.8,-33.0
592080.2,4329363.9,-26.0
592249.4,4329422.4,-20.0
592381.0,4329454.5,-17.0
592463.2,4329477.9,-14.0
592633.5,4329500.0,-10.0
592740.7,4329525.4,-6.0
592867.1,4329552.1,-6.0
592979.9,4329566.5,-5.0
593027.6,4329386.1,-4.0
593081.8,4329212.6,-3.0
592874.8,4329138.2,-7.0
592661.4,4329071.9,-9.0
592449.1,4328989.0,-16.0
592280.5,4328854.7,-23.0
592115.7,4328710.0,-32.0
592181.1,4328487.6,-32.0
592242.2,4328258.1,-31.0
592435.3,4328407.8,-24.0
592618.8,4328537.7,-18.0
592816.4,4328658.6,-13.0
592899.6,4328665.3,-9.0
592983.4,4328664.7,-6.0
593096.6,4328719.0,-4.0
593203.2,4328784.5,-6.0
591622.1,4329425.7,-45.0
591120.3,4329241.3,-66.0
590750.6,4329210.7,-72.0
590363.5,4329230.4,-72.0
589771.2,4329049.1,-86.0
588919.1,4328410.6,-142.0
587847.9,4327755.4,-205.0
589022.3,4327492.0,-198.0
589785.1,4327914.7,-116.0
590332.4,4328270.2,-100.0
590756.0,4328428.3,-84.0
591200.5,4328578.7,-75.0
591767.7,4328765.5,-52.0
592019.1,4328193.7,-46.0
591768.1,4327816.7,-57.0
591454.4,4327691.3,-67.0
592499.3,4327884.7,-26.0
592402.5,4327471.1,-38.0
592082.1,4327230.9,-54.0
591669.7,4327045.2,-73.0
591259.8,4326928.7,-78.0
590888.4,4326851.6,-94.0
589862.2,4326774.9,-120.0
590913.2,4327562.9,-86.0
590337.7,4327434.7,-108.0
589738.2,4326163.9,-125.0
589094.8,4326127.1,-152.0
588461.7,4326116.0,-237.0
588048.5,4324678.9,-335.0
590334.6,4348407.7,-16.0
590471.1,4348430.5,-13.0
590609.5,4348455.1,-10.0
590755.5,4348487.3,-6.0
590904.5,4348520.8,-4.5
590887.8,4348651.3,-6.0
590851.0,4348841.5,-7.0
590827.0,4349007.9,-7.0
590743.5,4348993.6,-6.0
590649.4,4348975.8,-5.0
590056.0,4351371.6,-5.0
591120.4,4346027.4,-6.0
589181.0,4345344.8,-95.0
589328.8,4352001.0,-22.0
