547188.7452450 4436272.6606730 -2.400
547415.5829232 4434767.8484546 -49.300
543478.4666375 4433331.3045604 -25.000
551174.6772848 4436213.0267460 -1.800
550395.8288895 4434591.6916834 -56.500
552278.3519181 4433202.5209804 -65.000
556661.2863987 4431670.5385484 -21.600
547120.2887021 4435143.9533674 -33.000
547178.9432656 4434900.1250890 -40.500
544490.9969187 4435660.8689267 -2.000
545140.7466516 4434809.4796057 -8.700
545680.7072130 4434225.5394115 -30.500
546097.4480591 4433789.6228964 -55.600
546906.5135548 4434960.0399962 -34.600
548086.8895768 4434752.0914414 -23.900
548638.5244267 4434978.7093833 -49.000
550569.2166992 4434874.2228708 -48.000
550541.0129702 4435139.3188283 -39.800
552355.9172847 4434634.3697876 -24.000
553244.2940400 4432127.5587039 -80.000
556466.8996302 4431420.4555743 -42.100
556272.3314904 4431193.1311761 -57.300
556404.3906880 4432024.9319958 -17.100
556041.9659698 4432057.7697653 -38.200
555370.7873737 4431023.3429351 -73.400
555714.7900866 4431879.9866749 -51.000
552940.0716896 4431156.9808026 -96.000
553831.6996730 4433633.4981440 -7.000
553902.1692988 4431816.4088169 -80.000
547066.8832692 4435710.8150940 -10.000
547092.4445305 4435301.9508074 -20.000
547393.4204499 4434970.8339516 -41.000
547704.9565592 4434592.0665790 -61.000
545257.7169472 4434644.7917210 -11.200
545478.0084743 4434460.7444734 -17.600
545893.7171956 4433979.8573388 -43.900
544585.1865033 4433489.2297945 -36.000
544822.6834106 4435811.5555328 -2.500
545206.1569521 4435282.7127132 -7.100
546199.9441740 4436078.9917213 -2.000
546316.4406057 4434315.4127907 -49.500
546410.5347611 4435038.0189927 -20.000
546919.0492252 4434035.5167116 -62.500
546559.0437927 4434462.8567936 -44.800
549081.3887942 4436524.4207236 -1.900
550024.2413576 4435585.4349306 -13.400
550045.9896519 4435326.3994700 -22.400
550088.3163489 4435050.8503131 -43.200
550097.1985415 4434803.3849940 -52.100
549523.3353741 4435177.5651338 -32.200
548664.6185908 4434167.4893598 -69.000
550935.3373753 4435664.1980243 -7.100
550516.4879918 4435364.4803680 -17.300
552542.5005403 4435525.8618239 -2.000
552583.2663143 4433579.7976268 -47.000
552605.5808652 4433867.9911001 -35.000
552096.0940983 4434340.6585955 -37.500
552218.7969914 4434481.9135540 -31.000
553007.3742216 4434839.7964901 -13.000
550777.0335493 4435107.5946995 -31.700
551476.8156225 4434914.7321086 -25.700
552211.4821370 4435793.3024553 -2.000
552303.1344867 4433381.9525808 -60.000
552201.1070586 4435007.9212243 -15.000
553199.0980176 4434134.0806782 -21.000
553551.2449661 4433970.0590461 -10.700
553014.4423952 4433338.6002017 -54.000
556116.2430115 4430953.3312547 -62.400
555878.7100651 4431169.6924591 -62.400
556167.1080772 4431749.0086747 -30.400
556614.7778739 4432244.0534994 -4.000
555461.1862854 4431264.3125223 -68.000
555968.2889106 4432272.5633030 -30.000
555135.8422413 4432238.7273659 -25.000
555313.2280344 4431955.8616329 -62.000
557077.7703862 4431713.6147288 -4.500
556506.5511244 4430907.3835906 -56.400
556169.3573561 4430405.3932909 -74.000
553796.6376222 4433284.7162530 -38.000
554314.5046349 4432559.7002974 -56.000
554502.4286759 4432705.3434726 -37.000
554664.4191459 4432838.0400187 -9.000
554488.6556600 4433079.3078904 -14.000
553868.6452039 4431490.3930932 -86.000
554642.6051770 4432549.8432888 -44.000
554819.8234013 4432345.7736994 -54.000
547848.7121480 4436140.8222123 -3.000
547468.4280581 4436068.5058465 -3.000
547258.1837354 4434638.1109762 -48.000
547301.6791347 4435801.6272435 -8.400
547300.0681779 4435375.9446191 -20.000
547357.2919132 4435157.0829114 -30.700
547444.9784056 4434567.6831810 -58.000
547557.6354007 4435508.5302655 -17.600
544960.9380317 4435073.1383965 -7.000
546109.0566378 4433633.7437418 -60.300
545575.7701845 4433590.5661285 -53.200
545401.9486861 4434985.3013117 -9.000
545987.0039799 4434631.9697195 -22.300
546055.5845754 4435768.9888308 -5.100
545794.5675354 4435710.8011611 -6.100
546410.2451428 4436131.3334207 -1.900
546515.6393402 4435700.2017644 -6.400
545931.7228526 4435381.4155184 -8.000
546128.4396807 4434865.9201008 -18.000
546257.5696521 4434598.6495537 -32.800
546417.0872493 4434105.6893533 -53.000
546164.2813135 4434090.8286555 -46.700
545994.2989967 4434342.8685804 -33.800
546136.2180111 4435269.9943349 -8.300
546847.1171044 4434219.8816201 -57.300
547728.1023852 4434301.9557891 -66.400
547745.4196399 4434057.3171271 -69.800
546752.4995936 4434626.1004021 -44.500
546574.3399992 4435584.0153177 -8.000
546663.6496485 4435344.2562405 -13.800
546971.0651196 4434520.3378404 -52.000
547034.8228445 4434278.7601872 -58.400
550009.9179626 4435817.8800792 -8.800
549862.4143749 4434970.5550757 -42.000
549767.5713294 4435452.7707536 -18.300
549614.3185641 4436066.6925562 -6.300
549575.5493651 4436257.9096544 -3.000
549382.0799558 4436112.3516085 -5.700
549422.2071093 4435908.3777850 -8.400
549458.8964465 4435708.8216919 -13.000
549496.6038690 4435418.8097022 -21.000
549565.4915795 4434925.3217033 -56.200
548562.0427257 4435202.4335912 -40.000
548532.0083490 4435364.8520852 -31.000
548783.5807836 4435697.2360883 -14.600
548226.1211544 4434047.0352185 -70.000
548116.6378327 4434566.3603175 -58.000
548091.3016687 4435738.3266456 -11.600
548183.0329287 4435594.6123998 -16.800
548247.0578572 4435248.7086618 -36.500
548249.9486464 4435062.2522491 -48.000
548242.2920508 4434857.9693617 -53.000
548286.7022550 4434513.0515838 -62.000
548360.6365218 4434354.2417519 -67.000
548043.7048546 4434904.9936076 -47.000
547910.7171678 4435436.3829145 -23.000
547855.4164417 4435956.6095264 -6.500
548719.6849153 4435355.5096701 -32.800
548661.9965630 4435175.3244565 -41.500
548761.9673062 4434880.1590111 -52.000
548857.9441430 4434809.1830434 -55.500
548845.6398096 4434534.3864228 -61.100
548519.5551649 4434511.2061579 -60.000
550869.1650911 4435994.5271194 -2.800
550956.5465978 4435490.0741702 -12.800
550623.6266753 4434580.4424815 -54.500
550193.9212172 4434492.6765812 -60.800
549270.8515327 4434987.7819935 -44.000
549285.1296077 4435218.7486923 -31.300
552474.3616928 4434773.3797769 -16.500
552681.7539360 4435060.0806796 -11.500
552696.6139942 4435376.5279762 -9.600
552632.8317279 4434428.1635524 -22.000
552896.3321406 4434435.5446194 -18.000
551889.8181200 4435756.1320416 -3.800
550849.4737683 4434860.5552589 -40.600
551041.0200815 4434468.3547001 -50.400
551011.2262785 4435030.9116011 -30.600
550952.3410676 4435290.8053172 -18.800
551505.3546314 4434416.5466162 -47.000
551475.4657790 4435176.6773480 -17.100
551473.7468285 4434675.5115159 -38.000
551244.5822416 4434573.5085183 -44.000
551256.4032839 4434843.8672579 -34.300
551202.5094358 4435057.7288318 -24.300
551227.9290601 4435461.3766153 -11.900
551439.2113394 4435366.7925619 -14.200
551367.2072231 4436177.1433204 -1.900
551607.1542117 4435689.2710068 -6.300
551670.3698052 4435234.6103704 -12.900
552197.3566264 4433630.4143455 -53.000
552442.5121775 4433889.6177544 -40.000
552146.7070796 4433801.5576209 -50.000
552093.3144004 4433999.8768329 -46.000
552297.4517596 4434330.9430475 -33.000
551900.4865485 4434507.4804059 -37.000
552404.0780619 4435317.8937364 -7.500
552194.5113402 4434602.7340671 -26.000
552013.9084078 4434322.8905169 -40.000
552610.5363127 4432967.8347858 -69.000
553146.1981620 4434684.8149092 -14.000
553098.9115456 4432420.6847960 -79.000
553257.1555478 4432544.4447643 -73.000
553292.3655130 4432937.0684063 -63.000
552785.2353147 4434037.3993247 -28.500
552946.5443280 4434206.6840356 -22.000
553059.4411705 4434345.6644440 -18.000
552983.2015886 4433964.9644806 -27.000
553296.3378160 4433890.5672129 -31.400
552925.6778348 4433651.5496661 -41.000
553215.6184021 4433541.4679984 -46.000
553422.4605621 4433725.5115883 -27.000
553156.4457523 4433159.7763954 -60.000
552743.3291587 4432825.0138236 -72.000
555946.9306828 4430711.7724978 -71.800
555980.2554269 4431516.7537555 -51.000
556187.9027148 4432225.3449567 -15.900
555890.6526841 4431866.2933815 -44.300
555687.7421803 4431670.5569930 -56.400
555266.4755781 4431462.6904267 -67.800
555536.3617259 4431661.1243396 -61.500
556692.6000639 4431190.1494532 -42.000
556377.1656580 4430173.8356540 -68.000
556853.0613767 4430842.2584764 -68.000
556954.4825198 4430972.8856971 -54.000
557038.5208473 4431088.3991196 -44.200
557135.8194286 4431199.0182821 -21.100
557235.6790368 4431309.1030546 -4.000
552845.9548689 4432543.2383082 -77.000
553075.9633908 4432774.6067390 -71.000
553613.6177970 4431597.9222621 -85.000
553861.8012437 4432215.1592282 -71.400
554126.8932045 4432429.0488595 -64.000
554278.9722278 4432935.7292619 -39.000
553699.4604484 4432912.7408659 -56.000
553986.0233485 4433103.4684182 -28.800
554191.1386479 4433229.8017046 -23.000
554302.7068541 4433314.9570001 -5.500
554185.0669243 4432107.5699031 -71.500
554831.7168586 4432648.3290878 -13.800
554666.6829055 4432227.0124866 -64.000
554083.4920446 4431814.3672309 -78.000
554030.7676237 4431609.7564593 -80.500
554106.5682593 4431269.5330168 -85.000
554625.0456644 4431728.8876153 -72.500
554846.6728425 4431994.6589560 -67.000
554991.7547135 4432107.2605034 -60.000
554533.9484482 4431047.2622233 -83.000
555538.5130374 4432183.9410440 -56.700
547442.4376050 4436202.0945675 -3.500
547084.7565826 4436060.0107900 -3.000
547228.8885024 4436056.4665667 -5.000
547302.2064644 4435580.1919526 -12.500
547620.0974038 4435135.4177115 -36.600
547595.2414058 4435291.2122737 -25.200
544593.7981414 4435508.2975159 -3.900
544723.5145979 4435347.5613030 -5.600
544911.5566948 4435707.7444393 -3.000
544956.5295738 4435601.4542811 -4.700
545025.1831446 4435528.6037081 -5.700
545851.3398071 4434853.1417914 -13.200
546268.3348397 4435840.7656977 -5.000
546023.8814379 4435864.2535213 -4.500
545975.5447322 4435960.5275239 -3.600
545533.7596995 4435617.1049407 -6.200
545443.6319268 4435786.3892311 -4.500
545368.7969593 4435965.7556652 -2.500
545381.9842979 4435400.3080264 -6.800
546545.4357852 4433900.0218505 -56.200
546482.5048977 4435819.3201194 -3.600
546652.3344555 4436144.4725220 -1.700
546659.2243156 4436064.0422657 -2.500
546693.7727753 4435923.2889566 -5.000
546025.3893340 4435123.3612284 -10.400
545641.5271862 4435351.3609154 -7.100
546084.0727772 4435501.1051978 -7.500
546296.5800011 4435544.0221442 -7.500
546378.9980583 4435314.2075112 -11.100
546666.7568169 4434006.2129566 -59.600
546585.0810032 4434250.4584134 -50.900
547068.2990964 4434038.1053069 -64.700
547494.5117015 4434352.6594608 -64.000
546516.1476354 4434782.2635659 -32.200
546791.7339284 4434418.2237359 -53.600
546722.3785442 4434877.8770097 -35.200
546662.9642098 4435108.9393185 -22.700
546802.6022382 4435560.4452151 -11.300
546874.4381519 4435182.3900130 -24.000
547295.2544744 4434232.0944084 -63.600
547285.9941714 4434417.9559369 -61.000
547060.2447682 4435474.9059177 -15.000
547100.9798453 4435919.1455444 -6.500
549910.2175508 4434704.4758863 -53.800
549831.9652452 4435256.7280411 -24.400
549708.0789732 4435682.1453163 -12.300
549656.4931952 4435876.6079374 -9.700
549352.3131087 4436296.9685156 -2.900
549626.2441560 4434633.7961190 -60.000
549950.3050096 4436000.0782406 -5.800
549854.2732243 4436339.6539120 -2.000
548235.2272429 4435432.8883720 -26.000
548274.1511708 4434676.1370742 -58.000
548455.0717248 4434191.1235575 -69.000
548148.3612762 4434405.6161341 -63.000
548076.9941020 4434765.9033684 -53.000
547997.7002296 4435099.5020096 -42.000
547957.0669559 4435254.0857813 -33.000
547900.2300622 4435611.6918014 -14.500
547510.2673343 4435923.3617613 -6.000
547521.8459446 4435844.6264843 -8.900
548873.6875140 4435940.3445840 -8.600
547540.4598177 4435663.8182068 -10.000
548091.9169271 4435910.3758613 -8.000
548353.9764446 4436202.8534052 -3.500
548389.5111863 4436046.0190273 -6.000
548383.0417062 4435923.8809983 -8.800
548434.0936901 4435741.0615032 -12.000
548494.0522322 4435566.0690591 -20.000
548311.2838640 4436345.7677495 -2.800
548754.5494210 4435503.9146046 -22.400
548923.0517179 4434433.3226548 -66.000
548550.0429117 4434678.4513358 -53.500
548564.2829407 4434852.2525604 -50.000
550202.9770748 4436218.1906964 -1.800
550900.9603102 4435831.0187960 -4.500
550212.4438708 4436076.1765092 -2.500
550223.6971714 4435921.9644595 -5.200
550242.4963917 4435658.4699196 -10.000
550228.8144788 4435406.4152278 -18.400
550291.9967071 4435202.0434158 -33.600
550356.7669853 4434951.6187761 -46.000
550510.7821373 4435517.0639099 -10.700
550495.3216763 4435661.8127586 -6.100
550483.6362257 4435816.0215620 -3.900
550477.0969188 4435965.8247387 -3.000
550489.6213728 4436134.0693673 -2.000
549160.0531449 4434252.2634699 -67.800
549616.5330813 4434357.9048745 -64.400
549486.2262593 4434394.2384898 -66.000
549380.1322046 4434707.6693987 -55.500
549280.4225632 4435484.0013550 -19.000
549253.6492309 4435733.0162916 -12.500
549214.9108967 4435986.3936790 -8.600
549173.1886354 4436174.2635871 -6.200
549073.4829056 4434515.8762161 -62.000
549043.5452063 4434991.3049448 -46.800
548985.4404286 4435272.8623105 -32.000
548949.8440076 4435502.9516481 -21.300
548928.3374714 4435730.3570960 -13.100
548823.7444788 4436148.1428265 -5.300
548792.1825641 4436348.8447753 -2.600
548748.7956730 4436067.7430148 -7.500
552573.5632590 4434919.4732903 -13.500
552576.5661059 4435224.7382956 -9.800
552608.5534194 4434731.5743190 -16.500
552506.3265902 4434591.0093884 -21.500
552525.9178916 4434286.4560207 -28.500
552874.0079470 4434701.7840337 -14.500
552628.3401110 4434030.2054501 -34.000
552697.7702786 4434165.5492301 -27.500
552779.1499809 4434299.3118004 -22.000
550668.3051852 4435745.1038035 -6.400
550675.6526737 4435538.6974380 -11.800
550877.0730050 4434623.7606613 -49.200
551082.5188011 4434765.5519826 -39.200
551065.3422391 4435036.8253179 -28.000
551208.4227597 4435634.9563067 -7.600
551192.0286694 4435852.9561506 -4.800
551412.4983168 4435596.3767857 -7.800
551388.4877011 4435804.8898881 -5.000
551365.0323344 4435994.5372516 -3.000
551588.1566548 4435912.2473961 -3.900
551630.7749588 4435476.3159684 -9.300
551667.4808068 4435032.5749184 -18.200
551672.2497092 4434582.5119912 -37.200
551662.2316887 4434299.9550186 -46.600
551728.3531172 4434610.0884454 -36.000
552045.2218854 4435105.0839042 -11.400
552075.6295151 4435272.3441230 -7.900
552113.2727750 4435441.3191727 -6.200
552157.2488332 4435619.2178292 -3.500
551910.7325429 4435939.9765368 -2.100
551882.9160158 4435580.7082824 -6.200
552311.2232530 4433507.9905009 -55.000
552416.0723092 4434136.4050273 -32.000
552295.6448416 4433974.0731089 -41.000
552403.6273667 4434456.5475436 -26.000
551873.3679651 4435418.0312449 -8.600
552080.4532558 4434817.8413536 -21.500
552003.8148280 4434675.7939227 -29.400
552317.1906138 4435179.6570233 -10.500
552459.9284304 4435072.4192064 -11.500
552389.9103469 4434899.3340235 -15.000
552133.9287338 4434482.4403109 -33.000
552468.0171594 4433716.6376023 -46.000
552543.8855119 4433230.4376341 -61.500
553161.4990901 4434448.4964031 -16.000
552768.0612461 4433440.1122946 -51.800
555701.6751441 4430933.6322604 -70.000
555836.8272724 4432108.4286900 -43.300
555112.8246260 4431236.2489368 -73.000
555775.6558554 4432363.8302667 -17.000
556902.8144523 4431491.4158712 -22.600
556286.0962465 4430717.0512085 -63.400
553584.3320757 4433451.3772462 -44.000
553534.6388426 4433119.1433403 -55.000
553401.3900967 4431868.9268821 -84.000
553588.1041563 4432009.5433001 -79.000
554075.6867740 4432791.0921512 -57.000
553783.8126358 4432565.9145666 -67.500
553497.7484332 4432361.3240400 -74.000
553457.6225275 4432728.9988783 -66.000
555549.6085275 4431483.0693257 -62.600
554422.3480391 4432332.3713960 -64.500
554935.4869054 4432455.3871810 -20.000
554368.2979626 4432016.7505885 -71.000
554385.9199621 4431461.8878972 -80.000
554374.9744464 4431023.9237679 -85.000
554681.9306392 4431293.6303871 -77.800
554846.3222322 4431511.2606634 -71.200
555023.7632533 4431692.9148867 -66.600
547453.9561502 4436132.7935296 -2.400
547215.9133389 4436154.6180240 -3.300
547277.2613827 4435956.8706263 -5.800
547666.7054033 4434843.2338341 -50.000
544537.0446040 4435588.4365032 -3.400
544647.1157239 4435432.5785810 -4.500
545612.0938471 4434714.6201967 -12.300
545070.4111645 4435882.3953770 -2.000
546228.0110133 4435950.9615674 -3.700
545950.2284290 4436057.4961695 -2.800
545683.5544841 4436019.8122583 -2.000
545732.2248634 4435867.4852361 -4.200
545763.3808263 4435791.6404622 -5.500
545845.0185346 4435617.3137362 -6.300
545482.0634057 4435705.5920783 -5.400
545404.6952109 4435880.5031226 -3.000
545110.2096126 4435786.0650254 -3.300
545176.8600650 4435691.5596163 -5.500
546443.2021687 4435971.1448836 -2.500
546673.4065929 4435976.4420853 -2.400
546773.6362748 4435763.3905420 -7.400
545526.1660319 4435105.9212370 -8.000
546276.5835414 4433927.7927359 -56.000
545847.8952039 4434576.1852283 -20.000
545709.4284052 4434838.4114723 -11.000
545756.8802047 4435101.7586114 -9.000
547522.2187288 4434150.2640693 -66.000
546778.7151994 4435354.3992138 -15.600
546917.8722566 4434778.0758420 -42.000
547272.5583908 4434521.0990745 -54.500
547320.6790097 4434052.9934419 -65.000
549325.0658564 4436487.7068047 -1.800
549909.4683259 4436180.1803977 -3.300
547889.3345029 4435784.2232432 -11.000
547489.7356495 4436002.0410298 -4.300
548102.0206745 4436065.2807239 -5.300
548100.8738786 4436246.1986277 -2.300
548583.4266713 4434326.2498693 -67.000
548562.3153714 4435026.5051535 -47.500
550851.9039280 4436152.5830944 -2.000
550235.2413052 4435788.2889118 -7.400
550674.6608899 4436070.3691614 -1.800
550675.3351583 4435905.5422294 -3.000
548632.5862575 4436371.1296313 -2.700
549928.4824148 4434520.8956423 -62.000
549129.7414682 4436365.4524986 -2.400
549023.3646102 4434748.6461019 -54.400
548761.4250935 4435960.1569080 -10.400
552860.1437073 4434978.0723177 -11.500
552516.8025783 4435480.7297993 -4.000
552746.6568718 4434863.5100754 -13.500
552750.8672933 4434564.4000600 -17.500
550695.9033644 4435379.5512431 -16.700
551334.7966268 4434475.8851732 -46.200
551229.6701281 4435266.5875416 -17.400
551186.9636744 4436034.9582350 -2.500
551579.6563194 4436096.4459933 -2.000
551638.2292656 4434819.2604095 -26.600
552021.5289019 4434953.4095670 -16.700
552188.6231137 4434156.4829205 -40.000
552098.7966403 4434879.0159710 -18.000
552290.8043977 4434738.8139260 -20.000
551932.6105152 4434175.2622232 -46.000
552430.9687153 4433399.4836019 -56.000
553032.2342573 4434577.4599779 -15.000
552730.9347549 4433750.0929399 -37.000
553132.6830196 4433812.8319136 -34.000
552845.9811422 4433152.6151564 -62.000
553356.2638554 4433313.2443271 -53.000
552935.9715580 4432970.0956899 -67.000
554116.3884841 4431208.5542506 -85.000
551848.3424749 4435086.5319753 -18.300
545702.7715669 4435943.8953740 -3.000
545086.9027159 4435833.6549480 -3.000
545145.4780172 4435734.6614453 -4.200
546152.7931523 4435278.9748148 -9.000
548744.8451870 4436218.1188186 -5.000
551465.2430669 4434420.1595363 -46.200
551594.8498788 4434362.7654455 -46.200