647680.8,4452366.2,-2.5
647494.5,4451902.1,-2.4
647939.9,4452197.3,-4.2
648233.2,4452021.8,-6.1
647931.3,4451632.5,-8.2
648584.3,4451884.9,-8.5
648257.4,4451419.9,-8.0
648970.3,4451700.1,-10.3
648546.1,4451181.0,-10.0
648907.4,4450970.3,-11.5
649287.1,4451459.6,-10.9
649638.7,4451172.9,-11.6
649291.4,4450748.4,-12.0
649973.5,4450939.2,-12.6
649641.3,4450521.1,-13.1
649999.4,4450294.8,-14.2
650269.0,4450723.7,-14.6
650618.9,4450522.7,-16.0
650327.7,4450098.1,-15.0
650928.3,4450322.7,-18.1
650656.6,4449866.0,-17.9
647262.4,4451450.5,-1.8
647456.3,4451363.4,-5.3
647422.3,4451214.5,-5.1
647605.1,4451173.6,-8.7
647912.6,4450887.7,-9.0
648224.6,4450627.9,-10.5
648544.1,4450373.1,-11.4
648855.1,4450138.6,-12.8
649225.1,4449844.0,-13.4
649607.7,4449591.7,-15.2
649975.9,4449364.6,-17.4
650349.8,4449140.4,-19.2
649960.6,4448405.1,-17.0
649554.2,4448693.6,-16.2
649185.7,4448941.9,-16.3
648795.8,4449224.7,-14.0
648471.5,4449480.7,-13.3
648072.9,4449731.1,-12.0
647753.7,4449947.6,-11.0
647371.6,4450214.6,-8.2
647042.9,4450438.2,-3.3
646298.6,4450067.9,-3.8
646600.2,4449845.8,-6.7
647006.4,4449566.0,-10.0
647371.9,4449225.9,-11.8
647719.8,4448933.6,-13.0
648009.8,4448710.3,-13.8
648385.4,4448423.8,-15.0
648730.4,4448156.1,-16.0
649157.2,4447845.2,-16.5
649683.0,4447510.8,-18.0
649309.0,4446672.4,-19.8
648860.0,4446998.9,-17.0
648368.1,4447350.9,-15.8
648034.6,4447608.5,-14.8
647705.6,4447872.8,-14.2
647395.6,4448173.3,-14.0
646757.6,4447820.2,-12.7
647037.7,4447622.6,-13.8
647097.7,4447458.2,-14.2
646638.8,4448721.1,-12.4
646234.2,4448989.8,-10.5
647054.4,4448445.7,-12.4
645852.5,4449218.5,-6.9
645644.9,4449325.9,-4.0
645489.1,4449406.3,-2.0
645074.1,4448828.3,-3.0
645255.9,4448633.3,-6.3
645563.9,4448426.6,-10.0
645862.3,4448191.2,-12.0
646008.3,4447975.0,-13.4
646122.7,4447744.1,-15.5
646311.2,4447775.5,-13.2
646446.5,4447600.1,-12.9
646509.3,4447916.2,-12.7
646893.5,4447247.5,-14.0
647018.6,4447132.3,-14.8
647074.8,4447246.0,-13.9
647277.1,4446902.6,-15.2
647160.1,4446758.8,-15.1
647603.5,4446651.4,-15.9
647952.2,4446380.3,-16.8
648334.2,4446085.3,-18.8
648766.9,4445777.0,-21.8
644656.8,4447908.2,-1.5
644965.4,4447619.6,-3.7
645319.0,4447356.3,-7.5
645647.7,4447110.9,-9.8
645924.1,4446861.9,-10.3
646221.7,4446509.4,-10.7
646477.5,4446230.8,-11.1
646707.9,4446054.8,-11.7
646924.9,4445883.9,-12.1
644333.5,4447025.1,-1.5
644274.7,4446327.0,-2.1
644513.0,4446074.0,-6.9
644987.3,4446557.0,-9.9
644676.5,4446800.7,-4.4
645457.0,4446175.2,-9.9
644747.9,4445862.5,-8.4
645876.1,4445837.2,-11.1
647305.0,4445584.4,-12.5
646342.6,4445440.8,-11.5
646751.9,4445076.2,-12.5
647138.8,4444798.7,-13.2
647764.6,4445266.0,-13.6
648071.5,4444973.3,-15.1
647550.0,4444484.6,-14.3
648403.9,4444685.1,-16.5
647951.4,4444128.6,-15.5
646661.4,4444077.9,-13.1
646169.8,4444497.4,-11.9
646896.8,4443743.7,-14.3
648392.2,4443734.5,-18.3
645712.5,4444892.4,-10.6
644969.7,4444523.8,-10.2
645266.8,4444215.5,-11.6
644716.7,4444762.6,-9.8
644454.4,4445013.0,-8.4
645364.0,4445243.4,-10.3
645006.5,4445591.2,-9.4
644240.0,4445202.2,-6.2
644079.9,4445339.0,-3.1
643947.6,4445441.0,-1.3
643841.0,4444355.1,-3.5
644108.6,4444057.7,-6.4
644373.8,4443764.9,-10.6
642994.2,4443853.2,-5.6
642819.1,4444029.2,-2.5
642726.0,4444105.9,-1.0
643272.8,4443538.9,-8.5
643575.5,4443245.3,-10.0
643905.9,4443033.9,-10.8
644762.5,4443440.0,-11.0
644234.4,4442828.8,-11.9
645153.3,4443163.4,-12.9
645614.5,4442809.5,-13.6
644660.7,4442479.6,-12.8
645002.7,4442270.4,-13.8
646333.4,4443055.8,-14.0
646610.3,4442781.6,-15.0
646124.0,4442300.6,-15.6
645358.7,4441981.3,-14.2
645058.6,4442104.4,-13.2
646575.9,4442008.8,-16.4
645819.8,4441592.8,-15.4
647053.7,4442239.3,-16.3
647453.9,4442220.7,-18.5
647567.9,4441773.5,-19.2
647056.1,4441724.7,-18.4
647554.0,4441268.5,-24.4
646697.9,4440926.9,-19.5
646245.4,4441245.1,-17.2
647134.0,4440612.1,-23.0
648142.1,4440662.0,-31.2
647572.3,4440195.0,-28.0
647937.6,4439878.7,-34.3
645570.6,4443921.2,-12.3
646003.9,4443535.2,-13.4
645998.0,4443399.9,-12.7
640636.1,4442632.8,-4.6
641328.1,4443312.1,-3.9
641680.1,4443041.8,-7.6
642101.6,4442678.2,-10.0
642369.8,4443338.4,-8.5
642611.7,4443168.6,-9.7
642210.4,4443536.9,-7.7
642102.5,4443641.7,-4.8
642021.5,4443733.0,-2.4
643186.3,4442721.0,-10.9
643537.1,4442411.2,-11.3
642818.9,4442104.8,-11.9
643157.7,4441798.9,-12.9
643475.4,4441538.8,-12.5
643825.2,4442156.1,-11.9
644138.4,4441873.3,-12.9
644399.2,4441633.2,-13.5
643905.1,4441148.2,-13.6
644708.1,4441366.3,-14.2
645042.7,4441119.2,-15.1
644351.6,4440771.7,-14.5
645268.5,4440865.8,-16.1
644664.8,4440553.0,-16.9
645470.3,4440617.7,-16.9
642476.6,4442433.2,-10.9
645131.3,4440136.9,-17.6
645874.6,4440273.8,-18.8
645526.0,4439798.5,-17.6
645425.5,4439690.5,-17.1
645766.6,4439468.4,-19.4
646208.8,4439100.4,-24.0
646613.4,4438790.3,-28.9
647125.1,4439326.3,-32.7
646709.6,4439631.9,-27.3
646322.3,4439899.7,-21.5
647554.3,4438963.1,-35.2
647036.9,4438437.2,-34.2
646967.6,4438191.9,-36.3
647398.5,4438141.2,-38.5
647793.0,4437855.9,-45.0
639905.2,4441925.7,-1.4
640148.2,4441725.2,-4.0
640386.2,4441485.0,-6.9
641058.0,4442373.9,-6.6
641447.3,4442059.5,-9.4
641841.4,4441702.9,-10.2
640666.8,4441278.3,-9.7
640955.1,4441035.1,-10.8
642267.1,4441325.5,-11.1
642603.0,4441014.4,-11.9
641465.0,4440612.3,-12.1
641679.8,4440440.9,-12.4
641897.5,4440274.7,-12.8
642953.9,4440624.7,-11.8
642214.2,4440042.5,-13.0
643347.6,4440256.0,-11.7
642538.1,4439795.7,-13.3
643651.9,4439976.7,-12.4
642783.4,4439619.9,-14.4
643017.2,4439411.3,-15.1
644043.4,4439591.8,-13.8
643250.0,4439201.0,-14.4
641217.6,4440811.4,-11.5
644370.1,4439231.8,-14.8
643603.4,4438965.7,-15.5
643978.0,4438561.4,-16.7
644732.1,4438867.7,-15.8
645061.8,4438768.8,-19.6
644325.3,4438173.8,-18.3
645358.5,4438690.6,-23.0
644825.6,4437834.5,-21.1
645718.0,4438371.8,-25.1
646070.2,4438067.2,-31.2
645396.5,4437494.8,-25.0
646517.7,4437811.1,-34.4
646963.2,4437559.2,-41.9
645925.0,4437077.1,-30.6
646294.4,4436757.3,-37.1
646729.4,4436367.1,-43.4
645852.1,4436093.5,-37.7
645384.7,4436541.0,-34.8
644872.0,4436935.9,-26.6
644341.1,4437411.2,-22.3
643837.3,4437812.6,-19.8
643537.9,4438116.9,-18.1
643257.6,4438399.5,-17.2
643053.2,4438321.8,-16.3
642888.8,4438221.4,-15.6
642663.6,4438434.6,-14.8
642431.3,4438651.5,-14.4
642122.7,4438937.0,-13.7
641806.1,4439174.7,-13.4
641395.0,4439524.8,-12.6
641012.9,4439898.8,-12.1
640470.9,4440364.9,-11.2
640187.8,4440572.1,-9.8
639917.1,4440786.8,-8.2
639619.6,4441039.0,-4.7
639370.1,4441283.9,-2.7
639292.9,4441388.3,-1.0
638776.3,4440555.4,-2.5
639181.1,4440218.7,-6.6
639499.0,4439968.4,-9.6
639811.9,4439706.9,-10.5
640176.5,4439427.8,-11.7
640471.4,4439192.7,-11.6
640765.2,4438961.8,-12.8
641089.2,4438696.2,-12.6
641502.2,4438355.4,-13.0
641824.9,4438043.9,-13.3
642212.1,4437753.4,-14.5
642568.3,4437487.7,-15.8
642941.3,4437222.7,-18.6
646176.9,4435047.7,-47.0
645950.8,4434846.2,-46.2
645438.3,4435232.9,-38.4
644925.7,4435594.9,-32.3
644504.0,4435934.5,-26.3
644052.5,4436255.1,-23.4
643652.3,4436609.3,-19.5
643142.5,4436973.9,-17.3
638309.0,4439718.7,-3.5
638508.3,4439634.1,-5.1
638747.5,4439494.7,-8.4
638955.1,4439385.2,-9.9
639352.6,4438949.6,-11.8
639713.3,4438572.2,-11.6
640127.1,4438153.4,-11.6
640437.7,4437914.5,-12.4
640798.1,4437617.2,-13.0
639971.6,4437089.9,-13.6
639539.6,4437377.5,-13.2
640424.9,4436839.5,-14.2
641120.8,4437364.2,-13.6
641464.7,4436991.3,-14.3
640939.5,4436525.3,-14.8
641870.7,4436611.8,-15.2
641358.8,4436255.0,-16.0
642212.0,4436278.9,-16.0
641748.1,4435876.8,-16.3
642562.9,4436023.7,-16.6
642298.7,4435573.1,-17.6
642952.7,4435762.4,-19.3
642771.6,4435273.5,-20.0
643289.5,4435550.8,-23.5
643558.8,4435384.8,-26.6
643163.9,4434791.9,-23.0
643872.3,4435195.0,-30.0
644169.8,4435049.8,-32.8
643681.1,4434374.1,-27.2
644551.0,4434698.6,-36.1
644933.0,4434314.0,-42.3
644232.2,4433917.1,-33.1
645292.7,4433970.7,-48.4
644742.4,4432925.3,-43.0
644017.0,4433293.2,-37.2
643404.9,4433639.2,-32.4
643025.4,4433830.4,-26.3
642665.6,4434023.5,-24.6
642230.6,4434189.7,-21.6
642163.5,4433578.3,-21.9
641813.3,4434385.6,-20.0
641412.8,4434595.0,-18.4
641095.6,4434901.0,-16.0
640877.9,4433668.7,-18.6
640525.8,4433829.8,-17.2
640187.1,4433988.2,-16.5
639841.6,4434182.1,-16.0
639454.5,4434378.1,-15.6
639097.0,4434547.2,-15.2
638715.4,4434721.7,-14.2
640215.2,4435026.1,-15.9
639914.2,4435197.9,-15.3
639621.2,4435359.0,-14.8
640801.2,4435176.5,-15.3
640510.9,4435442.2,-14.4
640126.2,4435746.5,-13.2
639803.6,4436012.3,-13.5
639421.6,4436292.6,-12.5
639042.6,4436531.6,-12.0
638655.5,4435825.5,-13.0
638975.4,4435661.7,-14.0
639279.3,4435510.7,-14.1
638751.7,4436698.6,-11.0
638386.1,4436900.0,-11.5
638340.5,4435989.9,-13.0
637999.1,4436172.4,-12.7
637719.5,4436312.0,-12.5
637383.5,4436451.6,-9.9
638014.9,4437147.8,-11.5
637103.6,4436616.2,-7.6
637662.5,4437390.0,-11.2
637248.3,4437728.7,-8.5
637081.7,4437858.1,-6.6
636944.6,4437930.6,-1.3
638049.9,4438276.4,-9.6
637750.9,4438497.0,-8.9
637589.2,4438618.1,-4.0
637400.6,4438706.9,-1.8
638339.5,4438122.8,-10.8
638674.7,4437923.0,-12.4
639031.6,4437698.8,-12.4
639293.8,4437523.3,-12.6
636792.1,4435503.0,-3.7
636979.4,4435484.3,-7.8
637321.4,4435389.1,-9.4
637690.7,4435268.4,-11.8
637997.1,4435151.1,-13.6
638321.1,4434944.6,-13.6
641291.2,4433512.2,-19.7
641692.8,4433299.3,-21.4
642157.1,4433056.7,-23.4
642615.3,4432845.0,-26.3
643168.2,4432642.9,-30.5
643729.3,4432536.8,-34.8
636754.5,4434533.6,-7.6
636573.1,4433982.0,-7.6
637229.8,4433693.8,-11.3
637254.5,4434341.5,-11.0
637718.9,4434135.7,-14.5
638181.0,4433970.2,-14.9
638002.4,4433390.4,-14.6
638392.5,4433154.4,-14.9
638549.2,4433791.1,-14.8
638964.0,4433574.3,-16.1
638837.7,4432912.9,-16.3
639431.9,4433409.0,-17.0
639363.2,4432706.5,-18.0
639896.6,4433222.3,-17.8
639888.4,4432451.1,-19.0
640308.8,4433035.7,-19.6
640743.6,4432864.9,-20.2
640394.7,4432200.8,-20.0
641296.4,4432603.4,-22.9
640788.1,4431996.9,-21.8
641219.5,4431804.8,-24.0
641840.9,4432377.7,-25.4
641637.6,4431601.1,-25.6
642008.5,4431422.7,-27.0
642253.1,4432196.6,-26.6
642615.8,4432089.6,-29.7
642292.4,4431298.6,-30.0
642982.0,4431924.3,-23.8
643409.2,4431752.2,-34.4
643004.0,4430952.0,-32.3
636565.8,4433049.2,-8.9
636942.9,4432060.4,-8.0
637404.2,4432707.6,-12.0
637268.5,4431942.9,-9.8
637832.8,4432438.7,-14.6
637664.1,4431795.0,-13.5
638272.0,4432228.1,-17.3
638741.0,4432064.1,-18.3
638108.8,4431551.0,-15.8
639221.9,4431903.9,-18.7
638476.5,4431380.2,-18.5
639687.4,4431635.5,-19.7
638943.7,4431185.0,-19.4
639327.0,4431049.1,-20.2
640121.2,4431440.5,-22.6
640633.5,4431174.1,-23.1
639835.8,4430798.4,-20.7
641161.6,4430945.8,-25.4
640215.9,4430615.3,-23.6
641634.0,4430703.5,-30.2
640710.9,4430397.4,-25.0
641190.2,4430181.2,-27.0
642118.6,4430457.8,-32.0
642516.2,4430269.5,-36.0
642918.5,4430086.9,-38.5
641624.3,4429926.3,-31.0
642007.5,4429687.6,-32.4
642502.4,4429445.3,-38.0
642910.4,4429257.0,-42.0
637194.9,4430892.4,-4.0
637897.8,4430736.9,-10.0
638463.8,4430484.1,-14.5
637428.5,4430092.8,-7.0
638100.0,4429830.3,-14.2
638522.8,4429687.8,-18.6
638998.8,4430265.2,-19.3
639432.2,4430036.4,-22.0
638923.4,4429527.3,-21.8
639941.8,4429851.1,-24.3
639346.7,4429286.9,-23.0
639770.1,4429091.3,-25.6
640460.0,4429589.9,-24.5
640878.3,4429360.5,-28.0
640209.8,4428912.6,-26.7
640636.9,4428722.1,-29.7
641314.5,4429190.9,-30.2
641741.9,4429044.2,-34.4
641076.9,4428482.2,-31.0
641440.4,4428314.3,-32.8
642239.5,4428775.9,-37.6
641881.9,4428086.7,-36.9
642797.3,4428506.0,-42.0
642363.4,4427871.3,-38.2
637429.4,4429039.8,-5.0
637608.9,4428174.1,-4.5
637699.4,4427252.6,-4.0
638164.4,4426202.7,-3.8
638489.1,4426103.5,-8.3
638845.7,4426011.3,-13.5
639289.8,4425861.9,-16.2
639696.1,4425776.8,-20.6
640062.1,4425609.8,-21.5
640374.7,4425450.0,-24.6
640910.8,4425157.1,-27.5
641273.1,4424899.7,-27.9
641823.4,4424716.9,-35.6
642384.5,4424576.5,-41.0
638312.7,4428728.8,-10.0
638150.2,4427977.0,-9.8
638774.6,4427726.4,-16.5
638808.8,4428526.7,-14.8
639273.6,4428367.2,-20.2
639698.7,4428161.4,-22.4
639291.0,4427489.4,-22.3
639842.4,4427362.0,-22.9
640242.1,4427946.6,-24.5
640770.5,4427729.9,-28.6
640342.4,4427039.9,-27.2
641228.2,4427559.8,-33.6
641651.5,4427412.0,-35.0
642102.2,4427262.0,-39.7
640925.9,4426793.9,-31.3
641515.4,4426550.1,-32.2
641909.4,4426389.1,-37.0
642511.6,4426170.5,-42.1
642455.5,4425399.9,-40.3
641930.2,4425619.8,-34.6
641432.0,4425842.9,-30.0
640719.8,4426098.2,-27.2
640054.4,4426398.8,-20.9
639457.4,4426582.2,-16.9
638849.4,4426822.0,-13.4
638449.4,4426969.1,-10.2
638069.5,4427119.9,-8.2
639000.3,4425073.8,-7.0
639183.5,4424925.3,-11.1
639555.3,4424803.9,-18.5
639945.2,4424678.9,-23.9
640512.8,4424423.5,-26.7
638944.1,4424252.7,-5.8
639216.7,4424142.0,-11.5
639663.9,4423942.3,-15.8
640093.5,4423785.8,-22.5
641063.0,4424209.0,-33.5
641825.0,4424056.2,-37.9
640563.3,4423550.8,-28.2
640941.4,4423358.3,-34.3
641497.6,4423182.2,-39.3
642670.8,4423855.9,-40.0
641990.9,4423004.7,-41.5
642508.4,4422733.6,-52.2
647143.4,4443424.4,-14.3
642915.6,4442961.5,-10.6
640718.0,4440137.1,-12.0
