678631.894,4308522.341,-6.2 
679593.119,4308180.012,-6.2 
678872.584,4308436.156,-6.3 
679352.811,4308209.806,-6.4 
679429.133,4308447.974,-6.4 
679272.321,4308294.709,-6.6 
679689.817,4308584.945,-6.8 
678738.539,4308395.419,-6.9 
679471.475,4308202.581,-6.9 
680235.624,4308229.228,-6.9 
678737.631,4308434.619,-7   
679456.203,4308610.990,-7   
679497.550,4308401.116,-7   
679684.296,4308542.558,-7   
679294.383,4308347.751,-7.1 
679246.880,4308238.019,-7.1 
679421.342,4308411.663,-7.1 
679601.368,4308208.613,-7.1 
678719.728,4308331.019,-7.2 
678750.953,4308532.348,-7.2 
679069.670,4308709.650,-7.2 
679347.232,4308170.026,-7.2 
679464.977,4308159.670,-7.2 
680206.596,4308184.731,-7.2 
679148.657,4308391.288,-7.3 
679361.369,4308261.706,-7.3 
679407.687,4308374.593,-7.3 
679439.453,4308496.471,-7.3 
679455.387,4308632.538,-7.3 
679939.092,4308504.680,-7.3 
678732.986,4308486.040,-7.4 
679193.004,4308696.615,-7.4 
679448.535,4308530.816,-7.4 
679096.448,4308728.671,-7.5 
679395.122,4308334.223,-7.5 
678624.887,4308367.543,-7.6 
679380.849,4308297.649,-7.6 
679681.613,4308518.897,-7.6 
680003.412,4308317.495,-7.6 
680258.188,4308256.811,-7.6 
680162.309,4308118.587,-7.6 
679122.454,4308302.283,-7.7 
679658.755,4308447.191,-7.7 
679706.422,4308620.234,-7.7 
678987.096,4308683.865,-7.8 
678936.200,4308415.903,-7.8 
679329.817,4308456.353,-7.8 
679318.543,4308413.935,-7.8 
679500.141,4308662.461,-7.8 
679511.312,4308451.684,-7.8 
679687.762,4308596.729,-7.8 
679756.284,4308439.991,-7.8 
679172.937,4308645.487,-7.9 
679688.657,4308619.132,-7.9 
679766.736,4308476.390,-7.9 
678855.778,4308506.468,-8   
679452.833,4308566.928,-8   
679454.092,4308698.201,-8   
679586.017,4308144.787,-8   
679702.727,4308209.544,-8   
679890.463,4308390.401,-8   
680182.162,4308149.900,-8   
678518.573,4308381.445,-8.1 
678973.231,4308605.213,-8.1 
679063.521,4308671.199,-8.1 
679139.374,4308600.902,-8.1 
678619.875,4308415.511,-8.2 
679172.239,4308773.998,-8.2 
679453.112,4308660.929,-8.2 
679459.965,4308127.893,-8.2 
679603.286,4308238.141,-8.2 
679650.601,4308415.558,-8.2 
679674.064,4308495.514,-8.2 
680103.615,4308220.183,-8.2 
679180.147,4308734.192,-8.3 
679607.818,4308278.363,-8.3 
679620.536,4308314.130,-8.3 
679740.393,4308619.258,-8.3 
679137.046,4308344.548,-8.4 
679150.000,4308528.001,-8.4 
679777.313,4308512.225,-8.4 
678523.672,4308440.576,-8.5 
678849.790,4308352.721,-8.5 
679116.145,4308589.229,-8.5 
678987.591,4308346.479,-8.6 
680121.865,4308271.821,-8.6 
680110.864,4307985.225,-8.6 
679100.435,4308549.358,-8.7 
679550.325,4308598.025,-8.7 
679480.334,4308339.204,-8.7 
679644.106,4308382.088,-8.7 
678872.814,4308326.910,-8.8 
679134.046,4308638.967,-8.8 
679014.618,4308388.763,-8.8 
679475.444,4308287.890,-8.8 
679694.019,4308166.532,-8.8 
679868.278,4308328.182,-8.8 
680035.315,4308378.330,-8.8 
680148.811,4308082.961,-8.8 
680137.364,4308054.030,-8.8 
678873.543,4308631.745,-8.9 
679033.983,4308583.542,-8.9 
679059.118,4308640.893,-8.9 
679158.692,4308430.438,-8.9 
679342.209,4308505.333,-8.9 
679717.849,4308266.429,-9   
680152.509,4308321.805,-9   
678932.803,4308528.040,-9.1 
678904.660,4308370.672,-9.1 
679005.973,4308542.139,-9.1 
679631.793,4308342.097,-9.1 
680020.952,4308353.120,-9.1 
678525.870,4308473.145,-9.2 
679357.728,4308590.247,-9.2 
679357.399,4308559.149,-9.2 
679471.069,4308246.275,-9.2 
679984.536,4308263.477,-9.3 
678748.265,4308576.868,-9.4 
679039.109,4308429.824,-9.4 
679107.711,4308240.441,-9.4 
679529.783,4308514.636,-9.4 
679898.163,4308412.877,-9.4 
678638.058,4308588.049,-9.5 
679535.745,4308550.771,-9.5 
680125.005,4308028.022,-9.5 
678618.197,4308315.158,-9.6 
678850.051,4308563.576,-9.6 
679461.804,4308101.057,-9.6 
679736.248,4308351.368,-9.6 
679883.182,4308364.935,-9.6 
680069.653,4308126.027,-9.6 
680280.641,4308278.806,-9.6 
678969.283,4308470.059,-9.7 
679066.416,4308480.510,-9.7 
679995.206,4308294.389,-9.7 
678517.949,4308604.257,-9.8 
679160.335,4308476.042,-9.8 
679352.509,4308635.253,-9.8 
678623.360,4308473.887,-9.9 
678844.104,4308293.297,-9.9 
679343.715,4308136.520,-9.9 
679566.836,4308087.257,-9.9 
679577.304,4308115.575,-9.9 
679746.545,4308408.538,-9.9 
678975.812,4308754.798,-10  
679230.201,4308192.584,-10  
678524.781,4308551.605,-10.1
678867.349,4308772.836,-10.1
679972.142,4308223.718,-10.1
680087.589,4308172.223,-10.1
678790.263,4308803.133,-10.2
678972.503,4308795.395,-10.2
678876.849,4308704.383,-10.2
679854.495,4308283.227,-10.2
680061.544,4308411.533,-10.2
679726.100,4308306.281,-10.3
680030.899,4308519.400,-10.3
678515.102,4308666.295,-10.4
678702.139,4308284.559,-10.5
678959.397,4308258.803,-10.5
680094.872,4307952.390,-10.5
680078.481,4307917.695,-10.7
678779.547,4308699.579,-10.8
678526.286,4308322.211,-10.9
678755.559,4308636.974,-10.9
678880.114,4308267.597,-10.9
680049.452,4308080.022,-10.9
678645.451,4308644.675,-11  
678792.268,4308765.877,-11  
679829.649,4308216.108,-11  
679840.697,4308246.308,-11  
679961.140,4308188.786,-11  
678660.290,4308776.408,-11.2
680047.130,4308459.109,-11.2
679947.284,4308150.546,-11.3
678882.727,4308231.292,-11.4
679097.959,4308198.059,-11.4
678527.730,4308713.806,-11.5
678573.464,4308825.547,-11.5
678835.950,4308253.292,-11.5
679215.586,4308156.650,-11.6
679807.483,4308132.245,-11.6
679816.666,4308180.000,-11.7
678645.022,4308705.003,-11.9
678694.037,4308244.452,-12.1
679682.918,4308133.175,-12.1
680309.847,4308345.659,-12.2
680015.859,4308006.611,-12.3
680030.149,4308037.761,-12.3
680308.220,4308307.866,-12.4
680073.975,4307857.823,-12.4
680179.641,4308368.609,-12.7
678608.979,4308270.004,-12.9
679555.810,4308042.528,-12.9
680308.533,4308400.581,-13  
678533.985,4308275.618,-13.2
679800.195,4308090.529,-13.2
680001.118,4307948.854,-13.2
679917.758,4308068.277,-13.8
680071.792,4307812.105,-13.8
679665.668,4308055.383,-13.9
679676.276,4308087.909,-14  
679933.421,4308103.220,-14  
680069.703,4307765.658,-14.2
679201.227,4308118.173,-14.4
678900.705,4308175.753,-14.5
680209.322,4308417.707,-14.5
679901.442,4308030.528,-14.8
679452.791,4308057.664,-15  
679894.822,4307985.071,-15.1
679339.886,4308057.943,-15.3
680068.874,4307724.187,-15.6
679793.933,4308053.076,-15.8
679875.077,4307870.306,-16  
679785.612,4308021.057,-16.3
678806.637,4308160.742,-16.4
679340.288,4308096.008,-16.4
679987.526,4307901.530,-16.4
680075.300,4307686.014,-16.5
678686.580,4308215.564,-16.7
679092.515,4308156.260,-17  
679546.916,4308003.952,-17  
679892.590,4307956.246,-17  
679860.903,4307830.382,-17  
679956.171,4307798.446,-17.6
679963.725,4307826.976,-17.9
679887.734,4307921.827,-18  
679950.289,4307763.100,-18  
679943.939,4307744.208,-18.3
678931.880,4308162.782,-18.4
678905.160,4308128.959,-18.7
679768.292,4307975.497,-18.7
679776.732,4308001.181,-18.7
679971.681,4307858.591,-18.7
678688.376,4308173.383,-18.8
679849.408,4307793.311,-19.2
679090.207,4308129.047,-19.3
679653.933,4308003.884,-19.6
679937.403,4307729.120,-19.8
679214.120,4308065.392,-20  
679897.581,4307747.689,-20.6
679749.143,4307948.387,-20.7
679645.483,4307956.849,-21.2
679730.449,4307925.707,-21.3
679538.010,4307974.435,-21.4
678513.254,4308222.063,-21.5
679332.981,4308022.184,-21.8
679091.424,4308102.631,-22.4
678602.910,4308198.630,-22.5
678790.083,4308097.509,-23.1
679533.954,4307943.466,-23.3
678692.448,4308142.253,-23.7
679226.372,4308019.881,-24.2
679442.430,4307968.629,-24.5
678820.690,4308033.383,-26  
678687.576,4308070.532,-26.1
678470.492,4308089.472,-26.2
678762.187,4308040.064,-26.2
678926.223,4308051.450,-26.3
678494.299,4308186.060,-26.5
678480.125,4308128.876,-26.7
678862.829,4308075.443,-26.9
679446.170,4308028.700,-27  
678794.736,4307986.095,-27.1
679071.501,4308030.598,-27.2
679050.398,4307958.628,-27.5
678591.691,4308138.423,-27.6
678688.070,4308013.585,-27.6
679631.651,4307895.953,-27.8
679439.362,4307916.109,-28  
679530.986,4307920.440,-28.3
678941.176,4307967.105,-28.5
679616.035,4307825.115,-28.5
678592.580,4308064.299,-28.7
678595.394,4308000.988,-28.8