681208.323,4308738.381,-0.8 
681277.868,4307825.117,-0.8 
681330.078,4308619.435,-0.9 
681425.759,4308506.978,-0.9 
681472.822,4308402.657,-0.9 
681521.840,4308302.040,-0.9 
680289.146,4309120.014,-1   
680480.165,4309117.813,-1   
680587.947,4309113.401,-1   
680779.482,4309030.260,-1   
680971.520,4308954.545,-1   
681061.443,4308855.395,-1   
681336.422,4307820.555,-1   
681279.598,4307522.719,-1   
680185.312,4309104.670,-1.1 
680377.779,4309103.283,-1.1 
680885.244,4309000.005,-1.1 
681166.360,4308754.392,-1.1 
681421.041,4308410.324,-1.1 
681403.532,4308101.654,-1.1 
680051.378,4309153.074,-1.2 
680685.515,4309070.722,-1.2 
681131.283,4308769.408,-1.2 
681290.399,4308624.631,-1.2 
681381.552,4308000.221,-1.2 
678926.502,4309544.208,-1.4 
681369.500,4308518.038,-1.4 
679972.933,4309050.411,-1.5 
681238.827,4308636.620,-1.5 
678819.633,4309554.495,-1.6 
678744.341,4309599.343,-1.8 
681315.287,4308527.216,-1.8 
679234.364,4309448.218,-1.9 
679789.161,4309169.862,-1.9 
680472.979,4309047.511,-1.9 
681474.825,4308307.900,-1.9 
681340.659,4307721.865,-1.9 
679031.307,4309485.668,-2   
679309.549,4309444.667,-2   
679607.567,4309330.910,-2   
680171.453,4309030.722,-2   
681051.336,4308787.126,-2   
681191.051,4308652.596,-2   
681459.967,4308202.389,-2   
681307.560,4307722.669,-2   
681324.426,4307615.490,-2   
680873.594,4308925.525,-2.1 
680767.105,4308944.678,-2.1 
680054.870,4309081.624,-2.2 
680464.405,4308990.936,-2.2 
680370.087,4309024.566,-2.2 
680569.638,4309000.587,-2.2 
680582.636,4309063.324,-2.2 
681424.507,4308312.507,-2.2 
680284.708,4309067.883,-2.3 
681122.163,4308679.314,-2.3 
681256.096,4308543.805,-2.3 
681362.523,4307914.435,-2.3 
678632.898,4309556.038,-2.4 
678733.982,4309506.448,-2.4 
679510.116,4309372.427,-2.4 
680955.215,4308871.400,-2.4 
681221.624,4307843.724,-2.4 
679119.775,4309387.610,-2.5 
681040.763,4308735.283,-2.5 
679420.340,4309406.786,-2.6 
680173.362,4308992.486,-2.6 
681369.642,4308107.300,-2.6 
679223.036,4309379.202,-2.7 
678908.361,4309479.558,-2.8 
679305.258,4309385.664,-2.8 
679597.926,4309253.853,-2.8 
681375.169,4308421.040,-2.8 
681379.404,4308320.666,-2.8 
679135.167,4309466.839,-2.9 
679691.024,4309280.347,-2.9 
679969.900,4309002.305,-2.9 
680674.517,4309003.423,-2.9 
678826.404,4309506.279,-3   
679011.140,4309384.072,-3   
680058.312,4309033.517,-3   
680269.373,4309025.586,-3   
680757.431,4308888.461,-3   
681034.649,4308616.087,-3   
681252.834,4307530.790,-3   
681237.994,4307433.492,-3   
679876.858,4309077.756,-3.1 
681336.819,4308324.691,-3.1 
678815.862,4309411.200,-3.2 
678904.705,4309395.972,-3.2 
680455.882,4308950.921,-3.2 
680558.800,4308943.359,-3.2 
680947.342,4308812.891,-3.2 
681290.605,4307109.620,-3.2 
679415.510,4309353.140,-3.3 
681254.569,4307725.261,-3.3 
679116.000,4309317.438,-3.4 
679307.652,4309281.934,-3.4 
680063.804,4308992.145,-3.4 
680259.177,4308988.084,-3.4 
680660.023,4308934.598,-3.4 
680863.926,4308868.595,-3.4 
681176.896,4308567.533,-3.4 
679778.971,4309109.218,-3.5 
681311.590,4308433.949,-3.5 
681244.500,4308449.195,-3.5 
679588.348,4309198.246,-3.6 
681236.901,4307235.697,-3.6 
678633.334,4309502.594,-3.7 
679299.144,4309351.661,-3.7 
679687.847,4309139.405,-3.7 
679959.452,4308961.407,-3.7 
680173.877,4308960.871,-3.7 
681032.199,4308672.626,-3.7 
681401.400,4308206.900,-3.7 
681272.263,4307622.902,-3.7 
681186.086,4307745.303,-3.8 
680034.092,4308956.270,-3.9 
680359.986,4308957.873,-3.9 
681219.538,4307535.809,-3.9 
679205.447,4309310.147,-4   
679408.454,4309308.112,-4   
680652.088,4308888.464,-4   
681256.499,4307321.367,-4   
679691.153,4309220.528,-4.1 
679773.361,4309063.118,-4.1 
678901.606,4309343.440,-4.2 
680033.952,4308913.001,-4.2 
681144.839,4308574.049,-4.2 
680743.914,4308811.864,-4.3 
680930.124,4308737.242,-4.3 
681023.701,4308623.049,-4.3 
681290.409,4308336.207,-4.3 
681224.021,4307635.829,-4.3 
681174.485,4307238.280,-4.3 
680153.828,4308938.269,-4.4 
680252.796,4308934.507,-4.4 
680547.615,4308909.070,-4.4 
679682.029,4309069.322,-4.5 
681347.903,4308224.383,-4.5 
681255.574,4307116.839,-4.5 
679496.326,4309284.134,-4.6 
681240.624,4307937.129,-4.6 
681305.278,4307923.589,-4.6 
681174.961,4307851.423,-4.6 
678733.041,4309433.100,-4.7 
681320.413,4308118.121,-4.7 
681329.647,4308010.364,-4.7 
681132.213,4307752.049,-4.7 
681169.414,4307643.365,-4.7 
680765.208,4308026.017,-4.8 
681045.484,4308602.739,-4.8 
681169.126,4307544.414,-4.8 
678610.378,4309435.495,-4.9 
679400.672,4309250.886,-4.9 
681113.708,4307251.776,-4.9 
679487.429,4309219.277,-5   
680447.967,4308897.733,-5   
680754.883,4307970.904,-5   
681083.232,4308590.929,-5   
681110.265,4308586.927,-5   
681296.689,4308233.532,-5   
681121.082,4307656.336,-5   
681181.287,4307440.268,-5   
679866.574,4309011.063,-5.1 
680351.176,4308898.570,-5.1 
681176.358,4308457.770,-5.1 
681241.384,4308344.216,-5.1 
681132.804,4307860.423,-5.1 
679479.198,4309147.425,-5.2 
679577.390,4309114.367,-5.2 
680146.762,4308918.394,-5.2 
681129.802,4307952.148,-5.2 
681064.750,4307661.395,-5.2 
681208.746,4307126.166,-5.2 
678739.346,4308514.372,-5.3 
678811.459,4308457.528,-5.3 
680639.770,4308819.821,-5.3 
680760.850,4308048.463,-5.3 
681011.798,4308564.361,-5.3 
679288.076,4309227.882,-5.4 
679949.003,4308926.246,-5.4 
680723.725,4307869.842,-5.4 
680972.608,4308000.297,-5.4 
678809.525,4309322.848,-5.5 
679763.788,4308994.792,-5.5 
680906.171,4307909.856,-5.5 
681015.301,4307670.653,-5.5 
680251.698,4308889.370,-5.6 
680845.969,4308790.494,-5.6 
681263.782,4308128.061,-5.6 
681085.369,4307961.327,-5.6 
681029.360,4307770.533,-5.6 
681071.502,4307766.084,-5.6 
679871.886,4308540.345,-5.7 
680029.434,4308882.084,-5.7 
680762.109,4307931.919,-5.7 
681241.359,4308247.527,-5.7 
681110.101,4307554.247,-5.7 
681199.489,4307331.990,-5.7 
681170.588,4307128.761,-5.7 
680534.007,4308871.526,-5.8 
680927.285,4308685.492,-5.8 
680766.556,4307956.822,-5.8 
680940.662,4308159.628,-5.8 
681009.189,4307982.006,-5.8 
681187.737,4307940.217,-5.8 
680968.261,4307781.527,-5.8 
678814.196,4308431.466,-5.9 
679861.523,4308964.618,-5.9 
680712.243,4307949.118,-5.9 
680730.155,4308745.543,-5.9 
680830.351,4307503.505,-5.9 
680906.713,4307390.395,-5.9 
681126.823,4307135.202,-5.9 
678901.040,4309273.284,-6   
679111.289,4309221.631,-6   
679381.233,4309193.703,-6   
679758.369,4308943.895,-6   
679940.335,4308876.847,-6   
679885.408,4308557.001,-6   
680024.040,4308818.499,-6   
680440.830,4308846.712,-6   
680914.554,4307963.785,-6   
681062.627,4307870.390,-6   
680972.892,4307378.206,-6   
679446.406,4308850.949,-6.1 
680627.490,4308187.173,-6.1 
680800.271,4307880.652,-6.1 
681042.511,4307970.516,-6.1 
678999.976,4309276.095,-6.2 
680718.441,4307991.836,-6.2 
680934.235,4308087.753,-6.2 
681068.653,4307559.995,-6.2 
678785.941,4308467.877,-6.3 
678831.461,4308438.570,-6.3 
678807.104,4308492.778,-6.3 
680326.777,4308193.821,-6.3 
680743.075,4307921.343,-6.3 
680837.701,4307551.252,-6.3 
680913.795,4307587.003,-6.3 
678834.867,4308456.034,-6.4 
678700.421,4308521.977,-6.4 
679650.400,4308976.519,-6.4 
680698.105,4307885.816,-6.4 
680638.006,4308239.497,-6.4 
680807.452,4307934.837,-6.4 
680892.479,4307853.738,-6.4 
681198.114,4308355.688,-6.4 
680966.717,4307676.554,-6.4 
681030.073,4307375.381,-6.4 
679333.984,4308314.676,-6.5 
679248.622,4308910.064,-6.5 
679239.717,4308314.565,-6.5 
680764.491,4308295.632,-6.5 
680769.263,4308099.804,-6.5 
681192.711,4308146.809,-6.5 
680978.465,4307886.463,-6.5 
681085.918,4307355.325,-6.5 
678717.145,4309376.106,-6.6 
678870.027,4308433.997,-6.6 
680415.018,4308116.206,-6.6 
680501.315,4307999.133,-6.6 
680729.502,4308059.094,-6.6 
680618.200,4308116.857,-6.6 
680818.004,4308011.047,-6.6 
680735.849,4307833.537,-6.6 
681092.477,4308472.477,-6.6 
678744.339,4308463.694,-6.7 
680437.582,4308224.269,-6.7 
680539.704,4308217.498,-6.7 
680491.123,4307948.091,-6.7 
680721.031,4308688.456,-6.7 
680658.300,4308294.653,-6.7 
680780.071,4307806.700,-6.7 
681191.468,4308254.099,-6.7 
678606.762,4309358.015,-6.8 
679205.868,4309215.485,-6.8 
680316.549,4308129.893,-6.8 
680525.051,4308161.138,-6.8 
680658.514,4307628.874,-6.8 
680601.499,4307951.346,-6.8 
681000.235,4308514.908,-6.8 
680924.816,4308034.814,-6.8 
681136.369,4307348.900,-6.8 
678761.305,4308505.198,-6.9 
678763.854,4308375.597,-6.9 
679985.152,4308528.113,-6.9 
680434.361,4308799.306,-6.9 
680341.221,4308849.985,-6.9 
680425.655,4308174.892,-6.9 
680450.402,4308278.205,-6.9 
680630.940,4308763.632,-6.9 
680507.932,4308047.461,-6.9 
680482.752,4307907.207,-6.9 
680732.571,4308104.136,-6.9 
680739.034,4307531.047,-6.9 
680827.056,4308058.414,-6.9 
681140.887,4308152.170,-6.9 
681264.747,4308027.373,-6.9 
681122.871,4307450.753,-6.9 
680930.346,4307493.484,-6.9 
678763.598,4308461.990,-7   
678788.028,4308387.821,-7   
679326.220,4308212.083,-7   
679433.291,4308786.672,-7   
679274.704,4309151.519,-7   
679349.022,4308907.065,-7   
679644.219,4308880.217,-7   
679854.929,4308896.950,-7   
679793.696,4308573.259,-7   
679783.780,4308503.918,-7   
680135.942,4308868.922,-7   
679973.172,4308458.495,-7   
680237.062,4308834.145,-7   
680530.125,4308820.342,-7   
680541.962,4308264.465,-7   
680476.594,4307861.427,-7   
680662.472,4307666.947,-7   
680749.797,4308223.577,-7   
680833.438,4308721.143,-7   
680604.072,4308006.279,-7   
680913.002,4308614.528,-7   
680855.152,4307651.942,-7   
680845.794,4307605.033,-7   
680976.434,4307574.970,-7   
680981.608,4307485.549,-7   
679635.804,4308228.336,-7.1 
680516.565,4308108.192,-7.1 
680472.943,4307820.582,-7.1 
680613.202,4308067.320,-7.1 
680744.204,4307579.790,-7.1 
680884.515,4307809.761,-7.1 
680872.519,4307751.949,-7.1 
680864.509,4307700.386,-7.1 
681073.884,4307463.277,-7.1 
678677.499,4308402.346,-7.2 
678793.211,4308513.503,-7.2 
679556.058,4309031.011,-7.2 
679747.161,4308891.406,-7.2 
679640.185,4308267.397,-7.2 
680588.290,4307894.250,-7.2 
681199.345,4308038.657,-7.2 
680913.275,4307684.083,-7.2 
678645.097,4309002.379,-7.3 
678701.672,4309290.437,-7.3 
678705.636,4308544.116,-7.3 
679051.191,4308319.317,-7.3 
679354.704,4308412.147,-7.3 
679190.860,4308649.125,-7.3 
679525.328,4308837.447,-7.3 
679776.669,4308448.443,-7.3 
680021.034,4308768.924,-7.3 
679959.445,4308405.337,-7.3 
680393.829,4307972.331,-7.3 
680771.989,4307753.368,-7.3 
678720.013,4308486.800,-7.4 
679691.408,4308592.495,-7.4 
679880.399,4308502.561,-7.4 
680740.118,4308166.191,-7.4 
680985.458,4308458.281,-7.4 
680946.977,4308216.048,-7.4 
681029.498,4307478.120,-7.4 
681084.912,4307145.380,-7.4 
678840.425,4308333.648,-7.5 
679448.832,4308918.774,-7.5 
679685.157,4308546.352,-7.5 
680114.878,4308105.708,-7.5 
680688.349,4307841.563,-7.5 
681069.442,4308167.418,-7.5 
678470.496,4308429.614,-7.6 
678747.038,4308426.035,-7.6 
680123.012,4308154.345,-7.6 
679699.678,4308650.872,-7.7 
679682.359,4308514.209,-7.7 
680233.934,4308198.258,-7.7 
680579.750,4307832.333,-7.7 
681100.008,4308371.178,-7.7 
681148.200,4308365.279,-7.7 
681018.077,4307570.598,-7.7 
678697.589,4308422.724,-7.8 
679001.734,4308667.022,-7.8 
679536.063,4308205.987,-7.8 
679650.474,4308361.319,-7.8 
679647.599,4308317.098,-7.8 
680132.136,4308217.550,-7.8 
680297.229,4308019.899,-7.8 
681142.988,4308262.537,-7.8 
681137.877,4308050.127,-7.8 
681066.426,4307260.958,-7.8 
678879.191,4308476.065,-7.9 
679158.565,4308910.350,-7.9 
679148.265,4308324.609,-7.9 
679667.153,4308463.330,-7.9 
679770.091,4308382.465,-7.9 
679893.073,4308592.908,-7.9 
680288.901,4307958.879,-7.9 
680238.318,4308239.933,-7.9 
680616.791,4308698.423,-7.9 
680545.521,4308314.414,-7.9 
680683.288,4307775.807,-7.9 
680760.483,4307686.845,-7.9 
680839.831,4308134.626,-7.9 
681045.205,4308384.945,-7.9 
678654.917,4308415.953,-8   
679261.343,4309054.600,-8   
679207.416,4308711.657,-8   
679249.322,4308468.429,-8   
679740.471,4308845.844,-8   
679658.488,4308422.537,-8   
679801.796,4308632.370,-8   
680043.967,4308300.025,-8   
680126.818,4308830.803,-8   
679945.967,4308339.464,-8   
680429.038,4308765.850,-8   
680334.673,4308812.021,-8   
680249.090,4308294.761,-8   
680220.217,4308139.695,-8   
680379.791,4307906.832,-8   
680398.104,4308013.404,-8   
680526.201,4308777.014,-8   
680462.567,4307775.275,-8   
680571.291,4307769.593,-8   
681041.386,4308175.430,-8   
680819.404,4308637.709,-8.1 
680755.052,4307641.988,-8.1 
678675.161,4308499.308,-8.2 
678752.680,4308325.357,-8.2 
679565.064,4308376.748,-8.2 
680032.787,4308237.678,-8.2 
680280.013,4307900.780,-8.2 
680773.293,4308338.359,-8.2 
680710.087,4308646.772,-8.2 
680845.639,4308176.379,-8.2 
681099.986,4308275.848,-8.2 
679468.844,4308508.656,-8.3 
679724.474,4308778.501,-8.3 
680978.129,4308410.557,-8.3 
681077.435,4308064.366,-8.3 
678853.091,4308349.875,-8.4 
678849.453,4308520.263,-8.4 
679102.402,4308616.339,-8.4 
680120.147,4308774.249,-8.4 
680142.503,4308268.832,-8.4 
680103.872,4308054.826,-8.4 
680339.897,4308255.126,-8.4 
680200.329,4307995.992,-8.4 
680563.869,4307714.015,-8.4 
680995.794,4308191.443,-8.4 
678822.929,4308517.026,-8.5 
678892.928,4308647.035,-8.5 
679130.522,4308817.397,-8.5 
679106.936,4308703.026,-8.5 
679400.036,4308680.010,-8.5 
679251.288,4308999.614,-8.5 
679724.756,4308185.652,-8.5 
679921.786,4308723.348,-8.5 
680311.576,4308093.224,-8.5 
680677.989,4307729.904,-8.5 
679607.117,4308642.644,-8.6 
679728.674,4308220.338,-8.6 
679911.581,4308678.642,-8.6 
680010.949,4308697.391,-8.6 
680273.418,4307855.428,-8.6 
680205.105,4308034.547,-8.6 
680373.215,4307852.099,-8.6 
680856.167,4308241.262,-8.6 
678963.205,4308417.965,-8.7 
679365.805,4309014.184,-8.7 
679550.952,4308303.821,-8.7 
679846.669,4308838.171,-8.7 
679833.431,4308770.056,-8.7 
679931.748,4308777.354,-8.7 
680051.309,4308362.930,-8.7 
680117.177,4308729.776,-8.7 
680449.940,4307731.665,-8.7 
678694.531,4308582.246,-8.8 
678893.971,4309204.065,-8.8 
679177.521,4309114.209,-8.8 
679067.048,4308406.749,-8.8 
679376.667,4308516.059,-8.8 
679333.517,4308802.979,-8.8 
679429.744,4308183.373,-8.8 
679717.091,4308726.518,-8.8 
679934.942,4308840.423,-8.8 
679902.889,4308642.478,-8.8 
680907.607,4308559.699,-8.8 
680967.850,4308346.270,-8.8 
681053.065,4308290.096,-8.8 
678784.273,4308574.497,-8.9 
679061.691,4309118.249,-8.9 
679452.602,4309011.854,-8.9 
679622.552,4308166.814,-8.9 
679819.386,4308712.883,-8.9 
679738.872,4308268.111,-8.9 
679873.563,4308456.556,-8.9 
680214.038,4308090.797,-8.9 
680405.963,4308071.423,-8.9 
681004.577,4308080.051,-8.9 
678555.712,4308464.751,-9   
678801.555,4309214.835,-9   
679091.718,4308545.280,-9   
679391.788,4308595.642,-9   
679272.504,4308552.906,-9   
679294.185,4308644.402,-9   
679540.579,4308956.047,-9   
679445.847,4308271.287,-9   
679748.289,4308296.120,-9   
680028.200,4308193.363,-9   
680317.394,4308743.390,-9   
680364.932,4307798.979,-9   
679220.451,4308218.677,-9.1 
680516.382,4308722.886,-9.1 
679001.043,4308750.624,-9.2 
678999.904,4308592.079,-9.2 
679504.424,4308744.783,-9.2 
679462.372,4308437.831,-9.2 
680065.403,4308432.063,-9.2 
680107.263,4308671.233,-9.2 
680154.252,4308335.171,-9.2 
680192.186,4307945.299,-9.2 
680357.322,4307753.977,-9.2 
680608.959,4308645.702,-9.2 
680809.198,4308565.527,-9.2 
680701.487,4308591.047,-9.2 
678591.088,4309284.659,-9.3 
679018.107,4308819.235,-9.3 
680262.588,4307800.667,-9.3 
680421.813,4308714.488,-9.3 
679037.574,4308932.130,-9.4 
679179.024,4308534.328,-9.4 
679490.793,4308665.962,-9.4 
679579.404,4308460.528,-9.4 
679856.979,4308389.833,-9.4 
679919.300,4308181.283,-9.4 
678483.422,4308642.254,-9.5 
678760.187,4308953.054,-9.5 
679231.058,4308837.300,-9.5 
679217.401,4308791.228,-9.5 
681020.331,4307265.717,-9.5 
679247.756,4308387.753,-9.6 
679618.665,4308742.600,-9.6 
679765.028,4308331.525,-9.6 
679925.109,4308228.567,-9.6 
680307.564,4308691.490,-9.6 
680896.614,4308494.800,-9.6 
678807.629,4308665.910,-9.7 
678987.877,4309182.737,-9.7 
680073.517,4308480.182,-9.7 
680454.279,4308316.004,-9.7 
680961.256,4308285.327,-9.7 
678563.016,4309021.005,-9.8 
678907.888,4308707.160,-9.8 
678980.100,4308511.870,-9.8 
679848.571,4308337.890,-9.8 
678838.259,4308282.435,-9.9 
679936.283,4308291.730,-9.9 
680226.892,4308787.519,-9.9 
680096.156,4308012.730,-9.9 
680506.582,4308675.191,-9.9 
680802.913,4308520.932,-9.9 
681032.029,4307157.515,-9.9 
678642.848,4308319.394,-10  
678891.308,4309116.504,-10  
678887.471,4308552.944,-10  
678949.271,4308331.282,-10  
679154.626,4309024.132,-10  
679078.975,4308466.208,-10  
679311.315,4308713.226,-10  
679373.020,4309092.243,-10  
679453.737,4308374.341,-10  
679417.714,4308118.971,-10  
679524.454,4308111.673,-10  
679591.251,4308546.391,-10  
680102.639,4308628.225,-10  
679995.664,4308578.340,-10  
680184.371,4307905.691,-10  
680554.007,4308361.341,-10  
680859.549,4308274.423,-10  
678942.740,4309000.950,-10.1
679135.921,4308232.934,-10.1
678770.367,4309019.377,-10.2
678849.740,4308939.000,-10.2
679157.756,4308434.776,-10.2
679483.095,4308580.048,-10.2
680495.861,4308607.566,-10.2
680651.922,4307557.175,-10.2
680797.474,4308495.608,-10.2
680733.054,4307467.210,-10.2
678499.722,4308734.601,-10.3
678684.468,4309198.747,-10.3
679841.240,4308280.264,-10.3
680089.690,4308579.240,-10.3
680967.901,4307273.779,-10.3
678926.665,4308781.018,-10.4
679322.362,4308131.093,-10.4
680414.782,4308676.031,-10.4
680693.294,4308546.237,-10.4
680892.323,4308449.658,-10.4
678940.616,4308255.631,-10.5
679609.634,4308116.502,-10.5
680215.894,4308720.385,-10.5
679035.264,4308243.890,-10.6
680664.563,4308352.429,-10.6
679825.447,4308160.485,-10.7
680185.826,4308550.064,-10.7
680253.930,4308338.339,-10.7
680597.434,4308584.054,-10.7
680972.435,4307169.280,-10.7
678577.866,4309091.647,-10.8
678559.107,4308567.104,-10.8
678712.102,4308667.592,-10.8
678827.352,4308771.558,-10.8
679831.599,4308233.625,-10.8
679819.293,4308112.098,-10.8
680080.349,4308540.167,-10.8
680193.049,4308600.589,-10.8
680302.145,4308634.053,-10.8
678476.080,4308528.319,-10.9
678602.633,4308690.450,-10.9
678934.396,4308874.394,-10.9
680252.713,4307758.690,-10.9
680344.681,4307694.775,-10.9
678592.740,4309175.040,-11  
679716.113,4308127.903,-11  
680006.549,4308642.581,-11  
680206.032,4308668.295,-11  
680086.454,4307959.712,-11  
680685.954,4308476.500,-11  
680875.577,4308383.502,-11  
678622.023,4308909.193,-11.1
680925.065,4307284.456,-11.1
680354.180,4308324.673,-11.2
680570.456,4308416.442,-11.2
680547.140,4307649.038,-11.2
678754.785,4308865.635,-11.4
679046.684,4309012.616,-11.4
680786.601,4308440.537,-11.4
678964.649,4309090.225,-11.5
680457.695,4308374.111,-11.5
680591.238,4308532.607,-11.5
678610.557,4308792.757,-11.6
678730.251,4308775.730,-11.6
679998.121,4308015.539,-11.6
680158.373,4308376.609,-11.6
680402.069,4308608.575,-11.6
680491.431,4308557.557,-11.6
680580.186,4308467.626,-11.6
680781.292,4308407.719,-11.6
678792.669,4309106.938,-11.7
678836.575,4308834.562,-11.7
680014.395,4308134.511,-11.7
680174.420,4307851.298,-11.7
680438.856,4307669.505,-11.7
680173.876,4308486.621,-11.8
680677.787,4308414.728,-11.8
680299.508,4308593.350,-11.9
680722.935,4307411.385,-11.9
680867.565,4308332.287,-11.9
678437.656,4308308.255,-12  
678668.314,4309096.596,-12  
680292.012,4308542.243,-12  
680265.742,4308397.934,-12  
680462.681,4308416.331,-12  
679908.357,4308120.567,-12.1
680478.578,4308502.928,-12.1
680287.497,4308499.862,-12.2
680275.395,4308442.794,-12.2
680338.141,4307635.206,-12.2
678517.709,4308839.391,-12.3
679806.943,4308062.240,-12.3
680394.587,4308559.312,-12.3
680363.783,4308384.165,-12.4
680080.906,4307919.056,-12.5
680902.146,4307184.659,-12.5
679992.499,4307973.175,-12.6
680243.595,4307694.745,-12.6
680166.408,4307809.347,-12.6
680472.753,4308463.443,-12.7
679027.806,4308194.146,-12.9
678541.633,4308925.934,-13  
680387.747,4308493.941,-13  
678861.251,4309033.018,-13.1
679705.060,4308085.919,-13.3
680538.931,4307598.574,-13.3
678735.193,4308209.255,-13.4
680006.127,4308077.237,-13.4
680166.653,4308439.059,-13.4
680643.293,4307509.567,-13.6
680157.038,4307755.120,-13.7
679983.569,4307934.518,-13.8
680379.788,4308448.593,-13.8
680064.985,4307841.954,-13.9
679203.154,4308145.922,-14  
679903.950,4308074.793,-14.3
679979.841,4307908.684,-14.4
679603.928,4308058.718,-14.5
680238.551,4307643.687,-14.8
678931.282,4308191.656,-15  
680814.865,4307416.734,-15  
678836.109,4308182.822,-15.1
680429.603,4307602.592,-15.1
679119.357,4308147.265,-15.2
680056.745,4307782.062,-15.4
679595.203,4308010.887,-15.5
679799.263,4308025.444,-15.5
680150.597,4307710.890,-15.6
679697.093,4308023.479,-15.7
679893.879,4308014.342,-16.4
679009.107,4308149.594,-16.7
679886.564,4307963.228,-17  
680228.963,4307573.104,-17.4
680628.798,4307442.151,-17.8
679872.715,4307895.262,-17.9
679392.660,4308069.563,-18  
679792.202,4307977.117,-18  
680039.108,4307717.233,-18  
679868.004,4307851.984,-18.3
678528.613,4308347.032,-18.4
680422.730,4307556.251,-18.4
678632.154,4308211.692,-18.8
678912.839,4308112.631,-19.8
679691.541,4307982.188,-19.8
680220.397,4307523.197,-19.9
679287.524,4308026.331,-20  
679095.143,4308061.702,-20  
679787.607,4307935.403,-20  
680032.162,4307670.749,-20  
680416.558,4307511.729,-20  
680804.645,4307338.245,-20.4
679201.243,4308056.218,-20.5
680618.343,4307399.906,-20.8
678533.998,4308234.619,-21  
679483.696,4307989.576,-21  
678819.106,4308127.593,-21.3
680610.867,4307345.216,-21.7
680784.822,4307250.814,-21.7
678997.590,4308061.127,-21.9
679586.269,4307937.293,-22.3
679853.597,4307784.981,-22.4
680603.894,4307303.400,-22.4
680205.786,4307458.630,-22.5
680024.483,4307606.126,-22.7
680405.150,4307465.674,-22.7
680765.932,4307162.197,-22.7
678621.340,4308172.634,-22.8
680588.697,4307244.939,-23.8
679371.096,4308011.416,-24  
680018.967,4307557.510,-24.7
678406.228,4308205.419,-25  
680578.718,4307192.699,-25.9
678403.933,4308104.332,-26  
679260.760,4307934.774,-26  
680468.817,4307239.630,-26.1
678717.391,4308101.126,-26.2
680009.080,4307492.831,-26.2
679846.613,4307733.307,-26.3
680395.751,4307425.640,-26.4
679381.558,4307968.221,-27  
680390.223,4307369.851,-27  
678704.239,4307979.541,-27.1
679840.069,4307672.853,-27.4
678384.871,4307976.550,-28  
679572.165,4307878.068,-28  
680197.065,4307407.984,-28.1
679557.585,4307810.328,-28.2
678984.468,4307989.827,-28.3
678690.444,4307869.028,-28.6
678974.852,4307873.560,-28.7
680384.798,4307321.760,-28.8
678369.604,4307864.203,-29  
679551.573,4307758.517,-29  
680185.035,4307348.196,-29  
679834.165,4307627.861,-29.1
679998.361,4307440.565,-29.2
678671.780,4307782.735,-29.3
679543.229,4307698.247,-29.4
679813.821,4307572.212,-29.4
680173.085,4307292.809,-29.6
679986.428,4307374.165,-29.7
679793.881,4307511.294,-29.9
680381.100,4307236.517,-29.9
679252.142,4307825.125,-30  
679785.618,4307432.254,-30  
679536.840,4307650.085,-30.2
678656.101,4307708.557,-30.3
678345.439,4307740.864,-30.4
679976.771,4307315.701,-30.4
678958.551,4307760.260,-30.7
679526.737,4307585.266,-30.7
679777.506,4307368.059,-30.9
679522.869,4307539.573,-31.2
678938.388,4307688.854,-31.7
679248.289,4307731.039,-31.7
679509.495,4307494.128,-32  
678320.082,4307621.457,-32.3
678633.300,4307623.232,-32.3
678915.170,4307591.455,-32.6
679223.095,4307601.923,-32.6
679500.887,4307456.197,-32.7
679497.847,4307416.555,-33  
679497.613,4307388.963,-33.1
678872.580,4307488.487,-33.6
679184.691,4307428.852,-34.2
679206.582,4307494.219,-34.5
678840.081,4307375.066,-35  