677464.732,4309722.430,-1.9
678130.820,4309398.267,-5.6
678139.701,4309469.316,-4.2
678150.802,4309560.348,-3.1
678024.246,4309400.487,-5.7
678161.164,4309663.222,-2.5
678036.827,4309481.158,-5.2
678053.109,4309568.489,-3.2
678066.431,4309638.058,-3
677910.270,4309449.333,-5.3
678073.832,4309710.588,-1.9
677936.914,4309537.405,-3.3
677940.614,4309643.979,-2.2
677856.243,4309701.707,-1
677856.983,4309666.182,-1.9
677838.481,4309545.546,-3.4
677815.538,4309456.734,-5.4
677715.625,4309393.086,-6.8
677731.907,4309458.955,-5.4
677751.890,4309545.546,-3.7
677774.833,4309663.962,-3.1
677656.417,4309653.601,-3
677623.853,4309585.512,-4.2
677632.734,4309506.321,-4.4
677609.791,4309427.871,-5.5
677499.516,4309371.623,-6
677503.957,4309425.650,-5.2
677529.120,4309499.660,-4.6
677552.063,4309558.868,-4.6
677555.764,4309634.358,-3
677568.345,4309709.848,-1.8
677438.828,4309638.058,-2.6
677415.145,4309556.648,-4
677405.524,4309481.158,-4.7
677444.009,4309461.915,-4.8
677417.365,4309375.324,-5.8
677392.202,4309296.133,-6.9
678178.186,4309105.928,-11.2
678193.728,4309191.779,-9.4
678084.934,4309106.668,-11
678097.515,4309180.678,-9.5
678079.753,4309258.388,-8.5
678091.594,4309326.477,-7.6
678011.664,4309312.415,-6.5
677997.602,4309231.745,-8.5
677981.320,4309129.611,-9.5
677875.486,4309078.544,-9.1
677886.587,4309171.057,-8
677902.129,4309268.750,-8.5
677908.790,4309359.042,-7.2
677802.956,4309367.183,-7.9
677821.459,4309310.195,-7.7
677779.273,4309287.252,-8
677797.776,4309224.344,-6.1
677764.471,4309191.779,-7
677765.211,4309128.131,-6.3
677783.714,4309041.540,-11.6
677665.298,4309072.624,-11
677674.179,4309148.854,-7.5
677685.281,4309242.846,-8.7
677698.602,4309308.715,-8.5
677538.741,4309100.007,-11.2
677555.023,4309138.492,-9.3
677573.526,4309195.480,-9.6
677575.006,4309266.529,-7.4
677583.147,4309356.081,-6.7
677492.855,4309304.274,-6.8
677490.635,4309248.027,-7.8
677481.014,4309174.017,-9
677475.833,4309112.589,-10.6
677456.590,4309028.958,-12.2
677439.568,4308960.869,-13.6
677416.625,4308886.119,-14.7
677403.303,4308816.550,-16
677397.383,4308734.399,-16.4
677396.643,4308672.971,-17.7
678002.043,4308658.909,-21.3
678014.624,4308744.760,-20.3
678039.788,4308827.651,-19.4
678016.845,4308877.978,-17.1
678055.330,4308951.248,-15.1
678032.387,4309008.235,-15.2
677973.179,4309004.535,-13.2
677894.728,4308641.887,-21
677800.736,4308684.812,-20.4
677814.798,4308775.844,-17.6
677837.741,4308866.136,-13.8
677856.983,4308967.530,-14
677577.967,4308639.666,-19.4
677585.368,4308696.654,-18.5
677600.910,4308767.703,-17.7
677647.536,4308996.394,-12.9
677629.773,4308934.225,-15.4
677613.491,4308840.973,-16.7
676769.543,4309130.871,-8.6
676783.560,4309209.238,-8.8
676800.125,4309284.419,-3.9
676807.771,4309336.663,-3.8
676888.686,4309141.065,-8
676899.517,4309227.715,-7.8
676909.711,4309318.187,-5.4
676914.808,4309369.157,-4.7
677004.006,4309341.760,-5.6
676995.723,4309278.048,-6.7
676988.715,4309242.369,-7.4
676982.343,4309206.052,-7.7
676979.795,4309182.479,-7.9
676968.327,4309133.420,-7.2
676958.770,4309097.741,-6.4
677081.098,4309080.538,-11.4
677090.655,4309158.268,-7.4
677102.761,4309237.272,-7.5
677111.680,4309306.718,-6.5
677207.886,4309339.849,-6.2
677188.773,4309269.765,-7
677170.933,4309213.061,-8.5
677159.465,4309128.323,-7.5
677255.671,4309092.007,-11
677291.987,4309222.618,-7.9
677358.886,4309104.749,-10.7
677367.805,4309227.078,-8
677316.835,4309346.220,-6.2
676723.670,4309435.418,-3.5
676728.767,4309460.903,-1.5
676731.315,4309489.574,-1.7
676733.227,4309514.422,-1.9
676740.235,4309546.915,-1.6
676810.319,4309413.756,-2
676812.231,4309433.507,-4
676814.142,4309495.945,-5.1
676839.627,4309620.185,-1.5
676882.315,4309627.193,-1
676925.002,4309437.329,-5.6
676939.656,4309487.663,-3
676949.213,4309548.190,-3.7
676959.407,4309579.409,-2.9
676964.504,4309617.636,-2.2
676962.593,4309653.316,-2.2
677024.394,4309448.798,-4
677030.765,4309496.582,-4
677046.056,4309579.409,-3.6
677050.516,4309630.379,-2
677056.250,4309687.083,-1.5
677161.376,4309675.615,-2
677150.545,4309596.611,-2.6
677143.537,4309541.181,-3.9
677130.794,4309455.806,-4.3
677122.511,4309392.731,-5.2
677211.709,4309379.351,-5.7
677215.532,4309437.329,-5
677221.903,4309492.122,-4.7
677232.097,4309561.569,-3.9
677243.566,4309625.282,-2.8
677256.308,4309712.568,-2.1
677324.481,4309422.038,-5.6
677332.763,4309515.696,-4.5
677344.869,4309594.063,-3.2
677342.320,4309699.826,-1.9
677729.694,4307726.643,-29.9
677746.259,4307799.276,-29.1
677439.164,4307817.115,-27.4
677753.267,4307903.128,-28.6
677762.824,4307975.760,-27.3
677794.680,4308102.548,-26
677804.237,4308194.932,-25.3
677465.923,4307929.250,-26.4
677495.231,4308047.118,-25.5
677503.513,4308136.316,-24.5
677525.176,4308215.320,-24.5
677385.645,4308594.410,-19.5
677381.822,4308533.883,-20.2
677358.886,4308451.694,-20.7
677533.458,4308286.041,-23.3
677535.370,4308355.488,-22.3
677532.184,4308422.386,-22
677556.395,4308495.019,-21.3
677566.589,4308560.006,-21.3
677782.575,4308582.942,-21.1
677829.085,4308309.615,-23.9
677865.402,4308431.306,-23
677878.144,4308549.811,-22
677146.085,4307834.955,-26.2
677145.448,4307881.465,-25.5
677193.870,4307966.203,-25.3
677204.064,4308089.169,-24.9
676869.572,4308033.101,-23.5
676875.943,4307894.845,-24.4
676683.531,4308001.882,-22.8
676693.725,4308084.709,-21.9
676696.273,4308145.873,-21.2
676705.193,4308214.683,-20.3
676732.590,4308280.944,-18.8
676778.463,4308418.563,-17.4
676756.163,4308349.754,-18
676917.357,4308151.607,-22.3
676923.728,4308184.738,-22.1
676934.559,4308237.619,-21
676935.833,4308266.927,-21.5
676940.930,4308310.889,-21.1
676949.213,4308375.876,-20.6
677147.997,4308374.602,-21
677214.258,4308207.037,-23
677218.081,4308259.282,-21.8
677222.540,4308320.446,-21.5
677238.469,4308379.061,-21.4
676800.762,4308711.642,-12.5
676782.286,4308649.840,-13.2
676788.657,4308570.837,-13.5
676797.577,4308500.753,-15.2
676958.770,4308454.242,-19.7
676964.504,4308506.487,-17.8
676978.521,4308583.579,-16.5
676998.272,4308661.946,-17
677016.748,4308746.684,-13.5
677262.042,4308463.799,-20.4
677258.857,4308519.229,-20.3
677161.376,4308450.420,-20.3
677170.296,4308516.044,-19
677184.313,4308578.482,-18.4
677202.152,4308665.131,-18.2
677200.241,4308720.562,-16.9
676756.801,4309068.433,-9.2
676774.003,4308986.881,-8.6
676782.286,4308932.088,-9.6
676719.210,4308922.531,-10.5
676726.856,4308828.236,-11.3
676819.876,4308777.903,-13.2
676819.876,4308817.405,-12.1
676823.062,4308867.101,-10.1
676831.982,4308918.071,-11.2
676846.635,4308973.501,-10.3
676867.023,4309054.416,-8.1
676954.310,4309008.543,-11
677016.748,4308747.321,-13.5
677027.580,4308811.034,-11.7
677046.693,4308897.046,-11
677060.710,4308988.155,-12
677200.241,4308783.000,-16.3
677216.169,4308854.995,-13.7
677237.831,4308948.016,-14.5
677246.114,4309011.091,-12.1
677153.731,4309062.062,-11.7
676470.363,4309143.689,-6.2
676482.457,4309252.535,-4.3
676596.846,4309280.755,-5
676586.768,4309243.969,-4.7
676580.721,4309175.436,-6.3
676573.162,4309116.982,-8
676636.656,4309097.329,-7.6
676652.781,4309147.217,-7.4
676687.551,4309237.922,-5.4
676708.212,4309276.723,-4.1
676700.149,4309314.013,-2.4
676714.763,4309340.721,-1.4
676697.630,4309364.909,-1
676704.180,4309391.112,-1
676604.909,4309336.689,-4.4
676621.538,4309383.554,-3.7
676638.671,4309441.504,-2.7
676647.238,4309464.684,-2.6
676661.851,4309498.447,-1.8
676483.465,4309346.768,-3.9
676484.473,4309456.622,-4.4
676484.977,4309536.241,-1.4
676394.775,4309358.358,-3.2
676388.224,4309436.465,-1.9
676317.172,4309324.092,-2.5
676309.613,4309404.214,-2.8
676244.104,4309321.068,-3.6
676189.681,4309323.084,-2.4
676191.193,4309415.301,-1.4
675857.161,4307717.792,-10.3
675993.150,4307772.333,-16.7
675828.072,4307677.068,-12.2
675958.244,4307679.250,-22.4
675868.069,4307629.799,-16.9
675861.524,4307803.603,-7
675784.439,4307862.508,-6.8
675846.253,4307876.325,-6.5
675928.428,4307790.513,-10.3
675945.881,4307844.327,-10.3
676079.689,4307879.961,-18.7
676053.509,4307804.330,-19.3
675894.976,4307939.592,-7
675790.984,4308569.361,-4.7
675817.164,4308411.555,-12.7
675824.436,4308373.013,-17.2
675822.254,4308337.379,-18.2
675784.439,4308268.294,-19
675825.891,4308222.479,-14.8
675778.622,4308194.118,-12.1
675823.709,4308157.757,-7.4
675922.610,4308282.111,-16
675934.246,4308217.389,-16.3
675882.613,4308133.759,-10.3
675839.708,4308038.494,-9.5
675966.243,4308034.130,-12.1
675925.519,4308007.223,-10.2
675849.889,4307943.956,-6.8
676019.330,4307943.956,-14.9
676069.508,4308035.585,-18.6
676018.602,4308073.400,-17.7
676059.327,4308151.212,-17
676106.595,4308223.933,-16.5
676115.322,4308143.940,-17.3
676271.673,4308021.768,-19.7
676281.127,4308150.485,-17.8
676305.852,4308222.479,-17.6
676320.397,4308270.475,-16.2
676452.750,4308007.951,-21
676471.657,4308096.671,-18.5
676497.110,4308191.209,-19
676521.108,4308256.658,-18.6
675934.973,4308119.215,-16.8
675853.525,4308570.815,-5.9
675831.708,4308686.442,-4.9
675876.796,4308671.171,-4.6
675923.337,4308392.647,-14.5
675936.427,4308487.912,-10.6
675948.790,4308612.266,-10.8
676013.512,4308426.826,-15.8
676030.238,4308493.730,-15.7
676052.054,4308592.631,-14
676126.958,4308325.016,-15.7
676141.502,4308413.009,-15.4
676128.412,4308483.549,-14.9
676158.955,4308600.631,-13.2
676252.038,4308621.720,-12.9
676376.392,4308625.356,-12.6
676366.938,4308541.726,-14
676342.940,4308449.370,-15.3
676339.304,4308341.015,-16
676541.470,4308326.471,-18
676565.468,4308414.464,-16.2
676565.468,4308489.367,-14
676570.559,4308564.997,-12.4
675988.059,4308775.162,-7.2
676041.146,4308883.517,-7.2
676099.323,4308961.329,-5.9
676130.594,4308916.969,-5.5
676116.049,4308852.974,-9.9
676108.777,4308772.253,-9.1
676086.233,4308684.260,-12.1
676223.677,4308930.786,-7
676190.225,4308812.250,-10.1
676180.044,4308707.531,-11.2
676277.491,4308683.533,-11.8
676299.307,4308756.982,-10.5
676319.669,4308851.520,-9.9
676337.850,4308922.060,-7.3
676436.751,4308956.966,-7.7
676420.752,4308876.972,-9.1
676399.663,4308792.616,-10.2
676382.210,4308706.077,-11.6
676526.198,4308733.711,-10.8
676540.743,4308804.251,-10.7
676553.105,4308876.972,-10.2
676559.650,4308927.877,-9.9
676646.916,4308908.970,-8.9
676630.917,4308848.611,-8.5
676608.374,4308752.619,-10.4
676593.829,4308690.805,-10.4
676584.376,4308637.719,-12.4
676142.956,4309011.507,-4.9
676157.501,4309095.864,-5.8
676236.040,4309078.411,-7.1
676220.041,4308992.600,-6
676353.121,4309015.143,-8.1
676332.032,4309061.685,-7.4
676455.659,4309050.050,-7.7
676570.559,4308988.964,-8
676630.917,4308998.417,-8.9
676569.831,4309046.413,-8.6
676353.849,4309175.858,-4.3
676396.027,4309242.034,-3.3
676366.211,4309285.667,-3.3
676265.128,4309218.036,-3.1
676193.861,4309218.036,-4.8
676126.958,4309164.222,-1.2
676094.960,4309218.036,-2.2
676069.508,4309214.400,-2
676060.781,4309236.944,-1.7
676075.325,4309273.305,-1.3
676052.782,4309276.213,-1.1
676090.597,4309314.756,-1
675225.066,4308247.149,-3
675217.064,4308183.666,-6.3
675199.460,4308107.379,-6.7
675185.589,4308020.956,-8.2
675172.252,4307948.937,-8.5
675150.913,4307886.521,-9
675133.309,4307809.700,-8.2
675113.037,4307701.939,-7
675094.899,4307603.246,-5.8
675091.698,4307577.106,-5
675085.296,4307530.694,-5.7
675062.357,4307409.595,-7.5
675101.834,4307405.861,-7.5
675086.897,4307326.907,-8.5
675734.534,4307665.129,-9.8
675748.404,4307575.505,-18.2
675689.722,4307600.579,-13.7
675681.720,4307545.631,-17
675607.567,4307531.227,-13.9
675453.927,4307741.949,-9.3
675644.910,4307767.022,-7.8
675751.071,4307714.209,-6.3
675676.919,4307885.987,-9
675709.994,4308006.552,-9.3
675746.270,4308112.713,-11.2
675504.073,4308231.678,-5.9
675453.393,4308231.145,-5.7
675398.445,4308227.410,-5.2
675394.177,4308266.354,-3.3
675437.922,4308264.754,-5
675489.669,4308264.220,-4
675459.261,4308290.360,-3
675413.916,4308300.496,-3
675373.372,4308300.496,-1.3
675432.054,4308318.634,-2.5
675381.908,4308343.708,-2.3
675347.765,4308343.174,-1.1
675357.901,4308381.584,-1.7
675323.759,4308378.383,-0.5
675376.573,4308409.325,-1
675337.096,4308415.193,-0.5
675689.189,4308207.672,-14.2
675693.990,4308287.693,-13.4
675650.778,4308285.026,-9.4
675645.444,4308335.172,-4
675707.860,4308407.725,-8.2
675753.739,4308464.806,-2
678678.284,4307773.171,-29.3
678664.522,4307698.563,-30.3
678638.445,4307615.263,-32.3
678347.258,4307728.986,-30.4
678323.354,4307610.917,-32.3
678052.449,4307697.839,-30.5
678043.032,4307802.869,-29
678820.980,4308115.786,-21.3
678839.089,4308171.561,-15.1
678693.495,4307860.092,-28.6
678707.258,4307968.020,-27.1
678721.021,4308091.883,-26.2
678622.510,4308158.523,-22.8
678407.379,4308092.607,-26
678387.097,4307966.571,-28
678375.507,4307852.849,-29
678077.801,4307917.316,-28.3
678093.737,4307999.167,-27.9
678093.737,4308091.159,-26.9
678839.813,4308272.245,-9.9
678844.159,4308323.674,-7.5
678739.129,4308198.362,-13.4
678757.238,4308315.706,-8.2
678813.737,4308426.531,-5.9
678768.103,4308366.410,-6.9
678870.960,4308423.634,-6.6
678882.550,4308469.267,-7.9
678888.345,4308543.875,-10
678852.127,4308512.004,-8.4
678809.391,4308483.030,-6.3
678746.373,4308453.332,-6.7
678740.578,4308506.933,-5.3
678702.188,4308513.453,-6.4
678676.111,4308488.825,-8.2
678680.457,4308393.211,-7.2
678656.554,4308407.698,-8
678645.689,4308309.911,-10
678633.375,4308201.259,-18.8
678535.588,4308225.163,-21
678531.242,4308338.885,-18.4
678560.940,4308559.086,-10.8
678479.813,4308519.972,-10.9
678558.043,4308455.505,-9
678472.570,4308420.012,-7.6
678439.250,4308298.322,-12
678408.827,4308192.567,-25
678371.886,4308511.280,-16.7
678357.399,4308451.883,-13.5
678340.739,4308381.622,-14.4
678316.111,4308297.597,-18.3
678309.592,4308220.817,-24.3
678119.089,4308209.951,-25.5
678160.377,4308307.014,-25
678167.620,4308397.557,-24.6
678163.274,4308481.581,-23
678910.075,4308697.437,-9.8
678895.588,4308638.765,-8.5
678838.365,4308824.197,-11.7
678830.397,4308763.352,-10.8
678810.840,4308656.873,-9.7
678786.936,4308566.330,-8.9
678757.238,4308857.517,-11.4
678733.334,4308769.147,-11.6
678715.226,4308660.495,-10.8
678696.393,4308573.573,-8.8
678624.683,4308900.254,-11.1
678613.093,4308784.358,-11.6
678605.125,4308680.777,-10.9
678484.884,4308633.694,-9.5
678501.544,4308726.410,-10.3
678519.652,4308830.716,-12.3
678419.693,4308834.338,-13
678405.206,4308769.147,-10.4
678389.270,4308683.674,-12
678389.270,4308587.336,-13
678181.383,4308587.336,-22
678196.594,4308664.117,-19.9
678226.292,4308743.795,-18
678239.330,4308823.473,-16.5
678902.107,4309266.773,-6
678895.588,4309195.787,-8.8
678893.415,4309108.865,-10
678863.717,4309026.290,-13.1
678850.679,4308931.400,-10.2
678803.596,4309207.376,-9
678792.731,4309097.276,-11.7
678771.725,4309011.803,-10.2
678762.308,4308944.439,-9.5
678647.862,4308994.419,-7.3
678668.868,4309087.859,-12
678687.701,4309192.165,-10.3
678596.433,4309166.813,-11
678579.773,4309083.513,-10.8
678566.010,4309012.527,-9.8
678542.831,4308918.362,-13
678438.526,4308907.497,-13
678453.737,4308977.759,-11.8
678453.012,4309051.642,-10.8
678468.948,4309122.628,-10
678484.884,4309185.646,-11
678350.880,4309017.598,-11
678352.328,4309098.000,-10.7
678383.475,4309226.209,-9.4
678368.264,4309158.845,-11
678234.984,4308936.471,-15.4
678250.195,4309048.745,-13.3
678260.336,4309125.525,-10.6
678276.996,4309216.069,-8.8
678810.840,4309313.855,-5.5
678818.083,4309404.399,-3.2
678828.948,4309498.564,-3
678821.705,4309546.370,-1.6
678704.361,4309283.433,-7.3
678719.572,4309370.354,-6.6
678732.610,4309425.405,-4.7
678736.232,4309500.012,-2.4
678746.373,4309591.280,-1.8
678593.536,4309276.914,-9.3
678608.023,4309350.797,-6.8
678612.369,4309427.578,-4.9
678634.823,4309495.666,-3.7
678634.099,4309549.268,-2.4
678496.473,4309290.676,-8.3
678502.268,4309372.527,-6.5
678519.652,4309473.212,-4.5
678542.107,4309539.127,-3.1
678566.735,4309576.069,-2.8
678415.346,4309315.304,-7.4
678429.109,4309389.187,-6
678434.179,4309465.968,-4.9
678442.872,4309529.711,-3.3
678453.012,4309613.010,-2.4
678288.586,4309285.606,-7.5
678297.278,4309376.149,-6.3
678312.489,4309446.411,-4.3
678327.701,4309531.884,-3
678355.226,4309609.389,-2.7
678216.151,4309266.048,-8.1
678213.978,4309351.521,-6.8
678220.497,4309429.026,-5.2
678232.811,4309500.012,-3.5
678239.330,4309586.210,-3
678240.779,4309630.395,-2
679621.383,4308734.378,-9.6
679610.518,4308634.418,-8.6
679593.858,4308537.356,-10
679472.168,4308501.863,-8.3
679485.930,4308572.125,-10.2
679493.898,4308657.598,-9.4
679508.385,4308738.000,-9.2
679437.399,4308779.288,-7
679404.079,4308673.533,-8.5
679393.938,4308588.060,-9
679379.451,4308509.107,-8.8
679275.146,4308544.599,-9
679297.600,4308638.040,-9
679336.715,4308796.672,-8.8
679313.536,4308705.404,-10
679218.647,4308782.909,-9.5
679208.506,4308705.404,-8
679194.019,4308643.111,-7.3
679181.705,4308525.042,-9.4
679094.059,4308537.356,-9
679103.475,4308607.618,-8.4
679109.270,4308694.539,-8.5
679133.898,4308808.986,-8.5
679021.624,4308810.435,-9.3
679004.964,4308741.622,-9.2
679006.413,4308659.046,-7.8
679002.067,4308585.887,-9.2
678983.958,4308501.863,-9.8
678928.908,4308772.769,-10.4
679685.126,4309061.058,-4.5
679651.806,4308968.342,-6.4
679647.460,4308872.728,-7
679527.942,4308830.716,-7.3
679543.878,4308949.509,-9
679560.538,4309023.392,-7.2
679580.095,4309105.968,-5.2
679480.860,4309140.012,-5.2
679454.059,4309005.284,-8.9
679451.162,4308912.567,-7.5
679449.713,4308844.479,-6.1
679351.926,4308899.529,-7
679368.586,4309006.732,-8.7
679374.381,4309084.238,-10
679276.594,4309145.807,-7
679265.005,4309047.296,-8
679253.415,4308991.521,-8.5
679251.242,4308902.427,-6.5
679232.409,4308829.992,-9.5
679161.423,4308900.254,-7.9
679154.904,4309015.425,-10
679180.981,4309105.968,-8.8
679064.361,4309110.314,-8.9
679048.425,4309003.835,-11.4
679040.457,4308924.157,-9.4
678937.600,4308866.934,-10.9
678945.568,4308991.521,-10.1
678967.298,4309082.789,-11.5
679591.685,4309189.992,-3.6
679600.377,4309247.940,-2.8
679608.345,4309324.721,-2
679488.103,4309213.171,-5
679498.244,4309276.914,-4.6
679513.456,4309365.284,-2.4
679382.349,4309186.370,-6
679401.906,4309242.869,-4.9
679408.425,4309300.093,-4
679416.393,4309343.554,-3.3
679421.464,4309401.501,-2.6
679288.908,4309221.139,-5.4
679309.914,4309274.741,-3.4
679304.119,4309343.554,-3.7
679307.017,4309379.046,-2.8
679313.536,4309436.994,-2
679208.506,4309208.825,-6.8
679208.506,4309302.266,-4
679225.890,4309372.527,-2.7
679236.755,4309442.065,-1.9
679112.168,4309212.447,-6
679117.962,4309309.509,-3.4
679122.308,4309379.046,-2.5
679136.071,4309458.725,-2.9
678990.477,4309174.781,-9.7
679003.516,4309268.946,-6.2
679012.208,4309377.598,-3
679033.214,4309477.558,-2
678902.107,4309336.310,-4.2
678906.453,4309387.739,-3.2
678910.075,4309473.212,-2.8
678928.908,4309536.230,-1.4
680218.863,4308711.973,-10.5
680230.749,4308781.805,-9.9
680238.921,4308827.865,-7
680254.522,4308883.582,-5.6
680258.236,4308929.641,-4.4
680263.437,4308980.901,-3.4
680273.094,4309018.045,-3
680287.209,4309064.105,-2.3
680292.409,4309113.879,-1
680119.315,4308720.888,-8.7
680120.801,4308766.947,-8.4
680130.458,4308825.636,-8
680138.630,4308862.781,-7
680149.031,4308910.326,-5.2
680154.974,4308930.384,-4.4
680175.032,4308954.899,-3.7
680175.775,4308983.872,-2.6
680174.289,4309024.732,-2
680187.661,4309097.535,-1.1
680013.824,4308690.429,-8.6
680024.225,4308762.490,-7.3
680026.453,4308813.007,-6
680033.139,4308874.667,-5.7
680036.854,4308905.126,-4.2
680038.340,4308948.956,-3.9
680065.084,4308983.129,-3.4
680059.884,4309025.474,-3
680057.655,4309074.505,-2.2
679925.420,4308714.945,-8.5
679932.849,4308767.690,-8.7
679939.535,4308831.579,-8.8
679943.249,4308870.210,-6
679953.650,4308919.983,-5.4
679961.079,4308954.157,-3.7
679970.736,4308993.530,-2.9
679976.679,4309043.304,-1.5
679821.415,4308705.287,-8.9
679835.530,4308761.004,-8.7
679848.902,4308831.579,-8.7
679856.331,4308889.525,-7
679862.274,4308954.899,-5.9
679868.217,4309003.188,-5.1
679876.389,4309067.819,-3.1
679720.381,4308718.659,-8.8
679727.810,4308771.405,-8.3
679742.668,4308838.265,-8
679750.097,4308884.325,-7.2
679758.269,4308934.841,-6
679765.697,4308987.587,-5.5
679776.098,4309055.190,-4.1
679781.298,4309099.764,-3.5
679791.699,4309161.424,-1.9
679689.922,4309132.451,-3.7
679692.894,4309214.170,-4.1
679691.408,4309272.858,-2.9
678843.766,4307363.620,-35
679189.955,4307418.594,-34.2
679212.984,4307484.712,-34.5
679228.585,4307592.432,-32.6
679251.615,4307716.495,-31.7
679262.015,4307925.248,-26
679254.586,4307814.557,-30
678877.196,4307478.769,-33.6
678919.541,4307582.031,-32.6
678944.057,4307679.350,-31.7
678961.143,4307750.668,-30.7
678978.230,4307862.845,-28.7
679582.203,4308452.703,-9.4
679567.345,4308368.756,-8.2
679555.458,4308295.952,-8.7
679539.115,4308197.890,-7.8
679527.228,4308105.029,-10
679487.112,4307982.451,-21
679386.079,4307959.421,-27
679374.935,4308003.252,-24
679395.736,4308060.455,-18
679420.252,4308108.743,-10
679431.395,4308176.346,-8.8
679448.482,4308263.265,-9
679457.396,4308367.270,-10
679464.082,4308430.416,-9.2
679357.849,4308402.186,-7.3
679337.790,4308304.124,-6.5
679328.876,4308201.605,-7
679326.647,4308122.115,-10.4
679290.988,4308017.367,-20
679204.070,4308047.083,-20.5
679207.041,4308139.202,-14
679224.871,4308208.291,-9.1
679242.700,4308304.867,-6.5
679250.872,4308378.414,-9.6
679251.615,4308460.132,-8
679097.836,4308050.797,-20
679120.865,4308135.487,-15.2
679138.695,4308224.635,-10.1
679151.324,4308315.268,-7.9
679160.982,4308428.188,-10.2
678988.630,4307980.222,-28.3
679001.259,4308048.569,-21.9
679012.403,4308139.202,-16.7
679030.232,4308185.261,-12.9
679038.404,4308235.035,-10.6
679054.005,4308310.067,-7.3
679070.349,4308396.243,-8.8
679080.749,4308456.418,-10
678917.312,4308101.314,-19.8
678935.142,4308180.804,-15
678944.057,4308247.664,-10.5
678952.971,4308321.211,-10
678967.829,4308407.387,-8.7
680177.405,4307283.312,-29.6
680235.510,4307565.637,-17.4
680223.889,4307515.051,-19.9
680208.166,4307450.109,-22.5
680201.330,4307398.840,-28.1
680190.393,4307342.785,-29
679980.529,4307306.555,-30.4
679990.783,4307366.711,-29.7
680003.772,4307430.969,-29.2
680011.975,4307485.656,-26.2
680022.229,4307549.914,-24.7
680033.850,4307662.707,-20
680027.697,4307598.449,-22.7
679842.444,4307664.074,-27.4
679837.658,4307619.641,-29.1
679817.834,4307563.586,-29.4
679797.326,4307503.430,-29.9
679789.807,4307424.816,-30
679782.287,4307357.824,-30.9
679502.697,4307377.648,-33.1
679502.697,4307406.359,-33
679505.432,4307445.324,-32.7
679512.951,4307482.922,-32
679526.623,4307530.090,-31.2
679530.041,4307575.891,-30.7
679541.662,4307640.832,-30.2
680153.479,4307702.355,-15.6
680159.631,4307746.789,-13.7
680169.885,4307800.109,-12.6
680176.721,4307841.125,-11.7
680186.291,4307895.813,-10
680195.862,4307935.461,-9.2
680208.166,4308025.012,-8.6
680202.698,4307985.363,-8.4
680098.108,4308002.453,-9.9
680089.221,4307949.816,-11
680083.752,4307909.484,-12.5
680068.713,4307832.922,-13.9
680059.826,4307774.133,-15.4
680042.737,4307709.875,-18
680001.037,4308006.555,-11.6
679994.885,4307964.856,-12.6
679986.682,4307926.574,-13.8
679982.580,4307898.547,-14.4
679897.815,4308005.871,-16.4
679888.928,4307955.285,-17
679877.990,4307886.926,-17.9
679871.838,4307846.594,-18.3
679857.483,4307775.500,-22.4
679848.596,4307722.863,-26.3
679802.111,4308017.492,-15.5
679795.276,4307969.641,-18
679791.174,4307927.258,-20
679702.307,4308014.758,-15.7
679696.154,4307972.375,-19.8
679545.764,4307690.051,-29.4
679555.334,4307749.523,-29
679561.486,4307802.160,-28.2
679575.158,4307867.102,-28
679599.768,4308003.820,-15.5
679589.514,4307927.941,-22.3
680218.420,4308082.434,-8.9
680223.889,4308133.020,-8
680237.561,4308192.492,-7.7
680241.662,4308232.824,-7.9
680257.385,4308329.895,-10.7
680251.916,4308288.195,-8
680156.213,4308327.160,-9.2
680143.908,4308261.535,-8.4
680134.338,4308210.266,-7.8
680126.135,4308147.375,-7.6
680117.932,4308096.789,-7.5
680106.994,4308045.520,-8.4
680009.924,4308068.078,-13.4
680017.444,4308124.817,-11.7
680030.432,4308183.606,-9
680035.901,4308230.090,-8.2
680048.205,4308292.981,-8
679947.717,4308329.895,-8
679939.514,4308281.360,-9.9
679927.893,4308220.520,-9.6
679922.424,4308171.985,-9.4
679910.803,4308110.461,-12.1
679906.701,4308064.660,-14.3
679810.315,4308053.039,-12.3
679823.986,4308103.625,-10.8
679829.455,4308151.477,-10.7
679836.291,4308223.254,-10.8
679844.494,4308268.371,-10.3
679852.697,4308328.528,-9.8
679766.565,4308322.375,-9.6
679750.842,4308287.512,-9
679740.588,4308260.852,-8.9
679731.701,4308211.633,-8.6
679727.600,4308177.453,-8.5
679719.397,4308121.399,-11
679709.143,4308077.649,-13.3
679608.654,4308048.938,-14.5
679613.440,4308108.410,-10.5
679624.377,4308159.680,-8.9
679638.733,4308219.836,-7.1
679642.150,4308258.801,-7.2
679650.354,4308308.703,-7.8
679654.455,4308350.403,-7.8
680268.323,4308388.000,-12
680279.944,4308432.434,-12.2
680289.514,4308490.539,-12.2
680294.983,4308533.606,-12
680302.502,4308584.192,-11.9
680307.287,4308627.258,-10.8
680311.389,4308684.680,-9.6
680320.276,4308738.000,-9
680161.682,4308370.910,-11.6
680169.885,4308431.750,-13.4
680177.405,4308478.235,-11.8
680188.342,4308540.442,-10.7
680195.862,4308591.028,-10.8
680209.533,4308660.071,-11
680055.725,4308354.504,-8.7
680068.030,4308423.547,-9.2
680074.182,4308471.399,-9.7
680083.752,4308532.922,-10.8
680091.955,4308571.887,-10.3
680104.260,4308619.739,-10
680110.412,4308660.754,-9.2
679963.440,4308397.571,-7.3
679975.061,4308452.258,-7
679988.049,4308521.301,-6.9
679998.303,4308570.520,-10
680008.557,4308636.828,-11
679913.537,4308669.641,-8.6
679906.018,4308634.094,-8.8
679896.447,4308582.141,-7.9
679887.561,4308549.328,-6
679873.889,4308529.504,-5.7
679883.459,4308496.008,-7.4
679875.256,4308451.574,-8.9
679860.217,4308381.164,-9.4
679773.401,4308372.961,-7.9
679780.236,4308438.586,-7.3
679796.643,4308565.051,-7.3
679786.389,4308496.008,-7
679805.529,4308624.524,-8
679660.608,4308413.977,-8
679670.178,4308454.309,-7.9
679685.217,4308505.578,-7.7
679687.951,4308538.391,-7.5
679694.787,4308584.875,-7.4
679702.307,4308642.981,-7.7
680774.866,4308092.004,-6.5
680735.217,4308098.156,-6.9
680743.420,4308160.363,-7.4
680754.358,4308217.102,-7
680767.346,4308288.879,-6.5
680776.233,4308333.313,-8.2
680667.541,4308344.934,-10.6
680660.705,4308286.145,-6.7
680642.248,4308232.824,-6.4
680631.311,4308180.188,-6.1
680621.057,4308110.461,-6.6
680518.518,4308100.207,-7.1
680528.088,4308154.211,-6.8
680541.077,4308210.266,-6.7
680543.811,4308257.434,-7
680547.912,4308306.653,-7.9
680943.030,4308151.477,-5.8
680557.483,4308354.504,-10
680460.412,4308366.125,-11.5
680458.362,4308305.285,-9.7
680452.893,4308271.106,-6.9
680439.221,4308217.102,-6.7
680428.967,4308169.250,-6.9
680418.030,4308109.777,-6.6
680315.491,4308086.535,-8.5
680318.225,4308122.766,-6.8
680329.846,4308185.656,-6.3
680342.151,4308247.180,-8.4
680357.190,4308314.172,-11.2
680366.760,4308374.328,-12.4
681093.420,4308466.614,-6.6
681053.088,4308781.067,-2
681044.202,4308728.430,-2.5
681035.315,4308665.539,-3.7
681027.795,4308616.321,-4.3
681048.303,4308594.446,-4.8
681013.440,4308556.164,-5.3
681005.920,4308507.629,-6.8
680988.831,4308450.891,-7.4
680980.627,4308405.090,-8.3
680899.963,4308488.489,-9.6
680910.901,4308552.746,-8.8
680914.319,4308608.117,-7
680932.776,4308729.797,-4.3
680811.780,4308558.899,-9.2
680806.311,4308512.414,-9.9
680799.475,4308486.438,-10.2
680790.588,4308433.117,-11.4
680783.752,4308400.988,-11.6
680893.811,4308442.004,-10.4
680928.674,4308678.528,-5.8
680834.338,4308713.391,-7
680819.983,4308631.360,-8.1
680722.912,4308683.996,-6.7
680713.342,4308639.563,-8.2
680705.139,4308583.508,-9.2
680697.620,4308538.391,-10.4
680688.733,4308470.031,-11
680679.162,4308407.141,-11.8
680573.205,4308409.192,-11.2
680583.459,4308461.145,-11.6
680594.397,4308526.770,-11.5
680601.233,4308578.039,-10.7
680612.854,4308640.246,-9.2
680620.373,4308691.516,-7.9
680516.467,4308714.758,-9.1
680508.948,4308668.957,-9.9
680499.377,4308600.598,-10.2
680494.592,4308548.645,-11.6
680482.287,4308495.324,-12.1
680476.819,4308453.625,-12.7
680464.514,4308408.508,-12
680381.116,4308440.637,-13.8
680390.002,4308486.438,-13
680396.838,4308551.379,-12.3
680405.725,4308600.598,-11.6
680418.030,4308668.274,-10.4
680424.866,4308709.289,-9.3
680949.182,4308807.043,-3.2
680958.069,4308866.516,-2.4
680973.791,4308949.914,-1
680848.010,4308783.117,-5.6
680865.784,4308862.414,-3.4
680876.721,4308921.887,-2.1
680887.659,4308994.348,-1.1
680748.205,4308804.992,-4.3
680759.827,4308882.922,-3
680770.764,4308939.660,-2.1
680779.651,4309021.692,-1
680634.729,4308757.825,-6.9
680641.565,4308813.879,-5.3
680653.870,4308881.555,-4
680662.756,4308928.723,-3.4
680677.112,4308997.082,-2.9
680688.733,4309063.391,-1.2
680528.088,4308770.813,-8
680532.873,4308813.879,-7
680537.659,4308865.832,-5.8
680549.963,4308902.063,-4.4
680560.217,4308936.926,-3.2
680573.205,4308993.664,-2.2
680585.510,4309057.239,-2.2
680431.701,4308757.825,-8
680437.170,4308794.739,-6.9
680441.955,4308840.539,-6
680450.159,4308890.442,-5
680458.362,4308943.762,-3.2
680467.932,4308984.094,-2.2
680476.135,4309041.516,-1.9
680590.295,4309106.457,-1
680482.287,4309111.243,-1
680336.682,4308805.676,-8
680344.885,4308842.590,-6.9
680353.772,4308893.860,-5.1
680361.975,4308950.598,-3.9
680372.229,4309018.957,-2.2
680380.432,4309098.254,-1.1
679797.350,4307503.491,-29.9
679789.658,4307424.005,-30
679781.966,4307358.194,-30.9
679502.483,4307377.852,-33.1
679501.628,4307407.766,-33
679505.047,4307445.372,-32.7
679512.739,4307482.978,-32
679817.008,4307563.319,-29.4
679837.521,4307619.728,-29.1
679843.503,4307663.317,-27.4
679847.777,4307722.291,-26.3
679857.178,4307776.136,-22.4
679871.708,4307845.366,-18.3
679878.546,4307887.245,-17.9
679888.802,4307956.475,-17
679896.494,4308006.047,-16.4
679791.367,4307927.416,-20
679795.641,4307968.441,-18
679701.625,4308014.594,-15.7
679695.642,4307973.569,-19.8
679526.414,4307530.841,-31.2
679528.978,4307576.139,-30.7
679541.799,4307641.096,-30.2
679546.072,4307689.813,-29.4
679555.474,4307749.641,-29
679560.602,4307801.777,-28.2
679575.986,4307868.442,-28
679599.063,4308004.338,-15.5
679590.516,4307928.270,-22.3
680390.503,4308487.236,-13
680382.811,4308441.083,-13.8
680367.427,4308373.562,-12.4
680358.025,4308314.589,-11.2
680341.786,4308247.923,-8.4
680328.966,4308185.531,-6.3
680317.855,4308123.994,-6.8
680222.984,4308133.395,-8
680237.514,4308192.369,-7.7
680240.933,4308232.539,-7.9
680252.044,4308288.948,-8
680257.172,4308330.828,-10.7
680268.283,4308388.092,-12
680280.248,4308432.536,-12.2
680289.650,4308490.655,-12.2
680293.923,4308533.389,-12
680210.164,4308660.737,-11
680196.489,4308591.508,-10.8
680188.797,4308540.226,-10.7
680177.686,4308478.689,-11.8
680169.139,4308431.681,-13.4
680161.447,4308370.998,-11.6
680155.464,4308326.555,-9.2
680143.499,4308260.744,-8.4
680134.097,4308209.462,-7.8
680126.405,4308146.216,-7.6
680117.858,4308095.789,-7.5
680106.747,4308045.363,-8.4
680010.167,4308067.584,-13.4
680017.860,4308124.848,-11.7
680031.535,4308183.822,-9
680035.808,4308229.975,-8.2
680047.774,4308293.222,-8
680056.320,4308354.759,-8.7
680068.286,4308424.844,-9.2
680074.269,4308470.997,-9.7
680083.670,4308532.534,-10.8
680092.217,4308571.850,-10.3
680105.038,4308620.567,-10
680110.166,4308661.592,-9.2
680008.458,4308636.806,-11
679999.056,4308570.995,-10
679987.945,4308520.569,-6.9
679975.980,4308452.194,-7
679963.160,4308397.494,-7.3
679946.920,4308330.828,-8
679939.228,4308281.256,-9.9
679927.263,4308219.719,-9.6
679922.135,4308171.856,-9.4
679911.878,4308110.319,-12.1
679907.605,4308065.020,-14.3
679802.478,4308018.013,-15.5
679810.171,4308053.055,-12.3
679823.846,4308103.481,-10.8
679829.828,4308152.198,-10.7
679836.666,4308223.137,-10.8
679843.503,4308268.436,-10.3
679852.050,4308328.264,-9.8
679859.742,4308381.255,-9.4
679875.981,4308451.339,-8.9
679882.819,4308495.783,-7.4
679873.417,4308529.115,-5.7
679887.947,4308549.628,-6
679896.494,4308582.106,-7.9
679905.896,4308634.242,-8.8
679914.442,4308670.139,-8.6
679805.897,4308624.840,-8
679796.496,4308565.012,-7.3
679786.239,4308495.783,-7
679780.256,4308438.519,-7.3
679773.419,4308372.708,-7.9
679766.582,4308322.281,-9.6
679749.488,4308288.094,-9
679740.941,4308259.889,-8.9
679731.539,4308212.027,-8.6
679727.266,4308176.984,-8.5
679720.428,4308121.430,-11
679709.317,4308077.841,-13.3
679608.464,4308049.636,-14.5
679614.447,4308108.609,-10.5
679625.558,4308159.891,-8.9
679638.378,4308219.719,-7.1
679642.652,4308259.034,-7.2
679650.344,4308308.606,-7.8
679653.763,4308350.486,-7.8
679660.600,4308413.733,-8
679670.002,4308454.758,-7.9
679685.386,4308506.039,-7.7
679687.950,4308538.517,-7.5
679693.933,4308584.670,-7.4
679702.138,4308642.789,-7.7
681134.936,4308764.069,-1.2
681124.594,4308671.934,-2.3
681148.098,4308567.576,-4.2
681089.808,4308583.559,-5.5
681047.501,4308593.901,-4.8
681013.656,4308555.354,-5.3
681028.698,4308616.465,-4.3
681035.279,4308664.412,-3.7
681043.741,4308728.343,-2.5
681054.082,4308780.992,-2
681065.364,4308849.623,-1
680911.179,4308552.534,-8.8
680915.879,4308608.003,-7
680929.041,4308678.515,-5.8
680932.802,4308729.283,-4.3
680949.725,4308807.316,-3.2
680959.126,4308866.546,-2.4
680975.109,4308949.280,-1
680888.615,4308993.467,-1.1
680877.333,4308922.015,-2.1
680866.051,4308863.726,-3.4
680848.188,4308782.872,-5.6
680835.966,4308714.241,-7
680821.864,4308631.507,-8.1
680811.522,4308558.175,-9.2
680696.823,4308538.432,-10.4
680705.284,4308582.619,-9.2
680713.746,4308639.968,-8.2
680723.147,4308682.275,-6.7
680734.429,4308737.745,-5.9
680748.532,4308805.436,-4.3
680759.813,4308882.529,-3
680772.035,4308938.938,-2.1
680780.497,4309022.612,-1
680688.362,4309063.039,-1.2
680678.020,4308996.287,-2.9
680663.918,4308928.596,-3.4
680654.516,4308880.648,-4
680641.354,4308813.897,-5.3
680633.833,4308757.488,-6.9
680621.611,4308691.677,-7.9
680613.149,4308639.028,-9.2
680601.867,4308576.038,-10.7
680495.630,4308549.713,-11.6
680499.390,4308600.482,-10.2
680508.792,4308668.173,-9.9
680518.193,4308715.181,-9.1
680528.535,4308771.590,-8
680533.236,4308812.957,-7
680537.937,4308865.606,-5.8
680551.099,4308901.332,-4.4
680560.500,4308937.058,-3.2
680573.663,4308994.407,-2.2
680584.944,4309056.457,-2.2
680590.585,4309107.226,-1
680483.408,4309110.986,-1
680475.886,4309041.415,-1.9
680467.425,4308985.006,-2.2
680459.904,4308943.639,-3.2
680450.502,4308890.050,-5
680442.981,4308842.102,-6
680438.280,4308794.154,-6.9
680431.699,4308757.488,-8
680426.058,4308709.540,-9.3
680418.537,4308669.113,-10.4
680406.315,4308600.482,-11.6
680398.794,4308551.594,-12.3
680303.838,4308584.499,-11.9
680306.658,4308626.806,-10.8
680312.299,4308684.156,-9.6
680320.761,4308737.745,-9
680337.683,4308805.436,-8
680346.145,4308843.042,-6.9
680353.666,4308892.870,-5.1
680363.068,4308951.160,-3.9
680372.469,4309017.911,-2.2
680380.931,4309098.764,-1.1
679979.942,4307306.257,-30.4
679990.758,4307366.949,-29.7
680003.978,4307431.246,-29.2
680012.391,4307485.928,-26.2
680022.606,4307550.225,-24.7
680035.225,4307661.993,-20
680028.014,4307598.297,-22.7
680153.003,4307702.855,-15.6
680160.214,4307746.120,-13.7
680170.429,4307799.601,-12.6
680177.039,4307841.664,-11.7
680186.052,4307895.145,-10
680196.268,4307935.406,-9.2
680202.277,4307985.281,-8.4
680207.685,4308025.541,-8.6
680217.300,4308083.228,-8.9
680043.638,4307709.465,-18
680059.862,4307773.762,-15.4
680068.876,4307832.651,-13.9
680084.499,4307910.167,-12.5
680089.307,4307949.827,-11
680099.522,4308002.707,-9.9
679982.345,4307898.750,-14.4
679987.153,4307925.791,-13.8
679995.565,4307964.850,-12.6
680002.175,4308006.312,-11.6
680968.686,4307669.756,-6.4
681017.541,4307662.240,-5.5
681068.650,4307653.221,-5.2
681125.020,4307649.463,-5
681173.123,4307637.437,-4.7
681227.239,4307628.418,-4.3
681274.590,4307613.386,-3.7
681327.203,4307608.876,-2
681282.858,4307514.925,-1
681256.552,4307523.193,-3
681222.729,4307526.951,-3.9
681170.869,4307534.467,-4.8
681110.740,4307544.989,-5.7
681070.905,4307551.002,-6.2
681020.547,4307560.022,-7.7
680976.954,4307566.034,-7
680932.609,4307486.364,-6.9
680984.470,4307478.096,-7
681031.821,4307468.325,-7.4
681076.918,4307455.548,-7.1
681126.524,4307444.274,-6.9
681182.143,4307430.745,-5
681243.774,4307425.484,-3
681203.188,4307322.514,-5.7
681139.301,4307340.552,-6.8
681088.192,4307348.068,-6.5
681033.324,4307367.610,-6.4
680976.202,4307368.362,-6
680907.806,4307383.394,-5.9
681238.513,4307227.059,-3.6
681176.881,4307229.314,-4.3
681117.504,4307242.092,-4.9
681069.402,4307252.614,-7.8
681022.050,4307257.124,-9.5
680973.947,4307264.640,-10.3
680927.348,4307278.169,-11.1
681294.884,4307103.796,-3.2
681255.800,4307110.560,-4.5
681211.455,4307118.076,-5.2
681174.627,4307120.331,-5.7
681131.033,4307127.096,-5.9
681087.440,4307137.618,-7.4
681037.834,4307148.892,-9.9
680976.202,4307161.670,-10.7
680905.551,4307175.950,-12.5
681344.490,4307714.101,-1.9
681309.916,4307714.101,-2
681257.303,4307717.107,-3.3
681191.162,4307737.401,-3.8
681134.791,4307742.662,-4.7
681075.414,4307756.191,-5.6
681030.318,4307762.956,-5.6
680971.693,4307774.230,-5.8
680980.712,4307877.200,-6.5
681064.892,4307862.919,-6
681134.791,4307853.900,-5.1
681178.385,4307841.874,-4.6
681225.736,4307834.358,-2.4
681283.610,4307817.823,-0.9
681339.980,4307814.065,-1
680974.699,4307992.947,-5.4
681013.031,4307975.660,-5.8
681046.853,4307960.628,-6.1
681088.943,4307953.112,-5.8
681134.791,4307944.093,-5.2
681190.410,4307932.067,-5.8
681246.029,4307929.061,-6.8
681306.158,4307914.780,-4.6
681365.535,4307908.767,-2.3
681385.828,4307992.947,-1.2
681332.464,4308002.718,-4.7
681267.074,4308016.999,-6.9
681202.436,4308028.273,-7.2
681140.053,4308042.554,-7.8
681082.179,4308056.834,-8.3
681145.314,4308144.772,-6.9
681197.175,4308137.256,-6.5
681267.074,4308119.969,-5.6
681324.948,4308108.695,-4.7
681373.051,4308101.179,-2.6
681406.873,4308094.414,-1.1
681146.817,4308255.258,-7.8
681194.920,4308248.494,-6.7
681243.774,4308240.226,-5.7
681300.897,4308225.946,-5
681350.503,4308216.927,-4.5
681404.618,4308199.640,-3.7
681462.492,4308195.130,-2
681522.621,4308296.597,-0.9
681479.779,4308299.603,-1.9
681428.670,4308305.616,-2.2
681384.325,4308313.132,-2.8
681339.229,4308318.394,-3.1
681292.629,4308328.164,-4.3
681244.526,4308337.935,-5.1
681200.933,4308349.209,-6.4
681152.830,4308358.980,-7.7
681176.881,4308451.428,-5.1
681246.781,4308442.409,-3.5
681314.426,4308427.377,-3
681379.815,4308416.103,-2.8
681424.912,4308403.325,-1.1
681479.028,4308396.561,-0.9
681430.173,4308501.034,-0.9
681375.306,4308511.557,-1.4
681319.687,4308520.576,-1.8
681259.558,4308537.863,-2.3
681335.471,4308613.024,-0.9
681292.629,4308619.788,-1.2
681240.016,4308631.814,-1.5
681194.168,4308646.846,-2
681212.959,4308731.026,-0.8
681168.614,4308748.313,-1.1
680771.765,4307154.905,-22.7
680789.052,4307243.595,-21.7
680807.842,4307330.030,-20.4
680818.365,4307409.700,-15
680834.148,4307494.632,-5.9
680840.161,4307544.238,-6.3
680743.204,4307522.441,-6.9
680737.191,4307457.051,-10.2
680726.668,4307402.184,-11.9
680581.608,4307187.224,-25.9
680591.379,4307237.582,-23.8
680605.660,4307293.952,-22.4
680614.679,4307335.291,-21.7
680621.443,4307390.910,-20.8
680633.469,4307433.000,-17.8
680645.495,4307499.141,-13.6
680656.769,4307548.747,-10.2
680420.013,4307504.403,-20
680407.987,4307459.306,-22.7
680399.719,4307419.471,-26.4
680394.458,4307363.852,-27
680388.445,4307314.246,-28.8
680208.811,4307449.535,-22.5
680201.295,4307399.929,-28.1
680190.021,4307342.807,-29
680178.747,4307283.430,-29.6
680916.074,4307678.024,-7.2
680917.577,4307578.812,-6.3
680848.429,4307597.602,-7
680858.200,4307643.450,-7
680867.219,4307693.808,-7.1
680876.990,4307744.917,-7.1
680876.238,4307744.917,-7.1
680775.523,4307745.669,-7.3
680764.249,4307678.024,-7.9
680758.988,4307633.679,-8.1
680747.713,4307571.296,-7.1
680662.782,4307620.150,-6.8
680665.788,4307657.730,-7
680680.820,4307722.369,-8.5
680686.833,4307768.217,-7.9
680887.512,4307802.039,-7.1
680783.791,4307799.784,-6.7
680738.694,4307826.091,-6.6
680690.591,4307834.358,-7.5
680725.917,4307856.906,-5.4
680702.617,4307878.703,-6.4
680802.581,4307872.690,-6.1
680895.029,4307845.632,-6.4
680909.309,4307902.755,-5.5
680917.577,4307957.622,-6
680928.099,4308027.521,-6.8
680831.894,4308051.573,-6.9
680821.371,4308004.973,-6.6
680810.849,4307926.806,-6.4
680764.249,4307923.800,-5.7
680756.733,4307961.380,-5
680768.007,4308019.254,-4.8
680714.643,4307939.583,-5.9
680721.407,4307983.928,-6.2
680733.433,4308051.573,-6.6
680619.189,4308059.841,-7.1
680607.914,4307998.960,-7
680604.908,4307943.341,-6.8
680593.634,4307886.219,-7.2
680583.111,4307826.842,-7.7
680573.341,4307760.701,-8
680566.576,4307705.833,-8.4
680552.296,4307638.940,-11.2
680544.028,4307586.328,-13.3
680425.274,4307547.244,-18.4
680433.542,4307592.341,-15.1
680442.561,4307658.482,-11.7
680453.835,4307723.872,-8.7
680465.109,4307766.714,-8
680477.135,4307811.810,-7.1
680480.141,4307853.148,-7
680488.409,4307898.997,-6.9
680493.670,4307940.335,-6.7
680505.696,4307989.941,-6.6
680511.709,4308038.044,-6.9
680409.490,4308065.102,-8.9
680400.471,4308003.470,-8
680397.464,4307962.883,-7.3
680383.935,4307898.245,-8
680377.171,4307844.129,-8.6
680370.406,4307789.262,-9
680361.387,4307745.669,-9.2
680349.361,4307687.043,-10.9
680341.845,4307626.915,-12.2
680224.595,4307514.925,-19.9
680234.366,4307566.034,-17.4
680241.882,4307635.182,-14.8
680248.646,4307684.037,-12.6
680256.914,4307750.178,-10.9
680267.436,4307790.013,-9.3
680275.704,4307844.881,-8.6
680283.220,4307889.226,-8.2
680292.239,4307948.603,-7.9
680299.755,4308012.489,-7.8
681101.721,4308364.242,-7.7
681049.108,4308378.522,-7.9
681105.479,4308269.539,-8.2
681056.624,4308282.316,-8.8
681066.395,4308162.059,-7.5
681045.350,4308168.072,-8
680999.502,4308183.856,-8.4
681007.770,4308072.618,-8.9
680937.119,4308079.382,-6.2
680943.131,4308151.537,-5.8
680950.648,4308207.907,-7.4
680963.425,4308276.304,-9.7
680970.941,4308340.190,-8.8
680981.463,4308404.828,-8.3
680989.731,4308451.428,-7.4
681005.515,4308507.799,-6.8
680900.290,4308488.257,-9.6
680895.029,4308443.912,-10.4
680876.990,4308376.267,-11
680870.977,4308323.655,-11.9
680860.455,4308265.781,-10
680858.951,4308234.213,-8.6
681094.956,4308466.460,-6.6
680848.429,4308168.072,-8.2
680842.416,4308127.485,-7.9
680775.523,4308091.408,-6.5
680734.936,4308098.924,-6.9
680743.204,4308161.308,-7.4
680753.726,4308217.678,-7
680768.758,4308288.329,-6.5
680777.026,4308333.426,-8.2
680783.791,4308401.070,-11.6
680792.058,4308433.389,-11.4
680800.326,4308486.754,-10.2
680806.339,4308513.811,-9.9
680621.443,4308110.950,-6.6
680630.463,4308180.098,-6.1
680642.488,4308232.710,-6.4
680662.782,4308286.074,-6.7
680668.043,4308345.451,-10.6
680680.069,4308407.835,-11.8
680689.088,4308470.218,-11
680519.225,4308101.179,-7.1
680528.996,4308153.040,-6.8
680541.773,4308210.914,-6.7
680545.531,4308258.265,-7
680548.537,4308306.368,-7.9
680557.557,4308355.222,-10
680574.844,4308409.338,-11.2
680583.863,4308461.199,-11.6
680594.386,4308528.092,-11.5
680417.758,4308110.198,-6.6
680428.280,4308169.575,-6.9
680439.554,4308216.927,-6.7
680453.083,4308269.539,-6.9
680459.096,4308305.616,-9.7
680460.599,4308367.248,-11.5
680465.861,4308408.586,-12
680477.886,4308454.435,-12.7
680482.396,4308495.021,-12.1
