-68425.005,4382429.706,-2.1
-68443.282,4382409.817,-2.5
-68455.377,4382446.640,-3.3
-68477.955,4382442.877,-3.1
-68485.212,4382433.201,-3.5
-68482.255,4382421.105,-3.5
-68505.908,4382404.979,-3.9
-68470.160,4382466.261,-3.3
-68493.275,4382457.391,-4.1
-68584.392,4382419.493,-6.4
-68573.641,4382428.363,-5.9
-68519.616,4382435.888,-5
-68531.711,4382453.628,-5.6
-68530.636,4382458.197,-5.9
-68493.275,4382484.000,-4.1
-68504.295,4382490.451,-5.3
-68521.766,4382484.269,-5.8
-68508.865,4382496.364,-5.1
-68502.145,4382509.803,-5
-68459.678,4382489.645,-3.4
-68472.848,4382498.783,-3.6
-68477.148,4382504.965,-3.6
-68481.718,4382511.416,-4.3
-68464.784,4382512.222,-2.5
-68449.195,4382507.384,-4
-68450.001,4382515.717,-3.8
-68450.808,4382518.942,-3.3
-68466.128,4382517.329,-3.6
-68461.290,4382526.468,-3.6
-68473.117,4382526.468,-4
-68465.053,4382529.156,-3.5
-68457.259,4382534.800,-3.5
-68402.158,4382529.156,-4.5
-68367.754,4382525.393,-3.6
-68351.896,4382533.725,-3.1
-68382.806,4382545.551,-3.4
-68333.619,4382558.722,-3.5
-68348.402,4382575.117,-3
-68333.888,4382597.695,-3.6
-68373.936,4382610.865,-4.2
-68387.913,4382616.778,-4.7
-68405.653,4382573.236,-3
-68455.646,4382611.403,-4.1
-68448.389,4382589.631,-4.8
-68429.305,4382560.872,-3
-68469.622,4382564.635,-4.4
-68476.073,4382566.785,-4.6
-68531.442,4382518.136,-6.1
-68526.335,4382541.788,-5.9
-68513.165,4382554.959,-5.9
-68509.133,4382557.109,-5.7
-68535.205,4382600.651,-6
-68524.991,4382569.742,-5.8
-68492.200,4382640.162,-5
-68497.038,4382647.419,-5.8
-68510.208,4382634.787,-5.5
-68524.991,4382645.538,-5.8
-68538.699,4382660.590,-6
-68592.456,4382636.668,-6.5
-68645.137,4382699.025,-8.5
-68555.364,4382663.815,-6.5
-68409.147,4382648.494,-4
-68430.649,4382648.763,-4.6
-68459.678,4382672.147,-4.5
-68473.654,4382684.242,-5.5
-68505.370,4382695.531,-5.8
-68644.868,4382699.294,-8.5
-68552.945,4382721.872,-8.1
-68532.249,4382739.880,-7.3
-68606.432,4382804.656,-9.7
-68619.602,4382801.162,-10.1
-68709.913,4382770.521,-11
-68778.721,4382830.728,-13.8
-68692.980,4382876.959,-12.8
-68777.646,4382954.099,-15.8
-68864.462,4382897.386,-16
-68315.683,4382474.319,-1.7
-68332.878,4382487.788,-2
-68354.658,4382505.270,-3.3
-68331.445,4382523.897,-2.5
-68314.537,4382517.019,-1.4
-68300.495,4382510.715,-1
-68292.757,4382518.166,-1.9
-68279.001,4382538.226,-1.7
-68312.244,4382557.713,-1.8
-68305.653,4382584.938,-2.1
-68281.007,4382571.469,-1.3
-68327.433,4382625.346,-3.3
-68300.495,4382619.901,-3.1
-68273.270,4382605.572,-2
-68245.185,4382593.249,-1.6
-68232.576,4382619.328,-1.5
-68257.795,4382635.663,-1.8
-68286.452,4382653.431,-3.4
-68285.306,4382659.735,-3.4
-68280.148,4382660.595,-3
-68306.513,4382667.473,-3.6
-68331.159,4382672.345,-5
-68353.798,4382684.954,-6
-68378.731,4382680.369,-5.4
-68388.188,4382668.906,-5
-68344.914,4382721.636,-6.8
-68321.128,4382713.612,-5.6
-68288.745,4382702.149,-3.8
-68272.410,4382684.381,-2.5
-68253.782,4382694.411,-2.4
-68214.808,4382694.698,-2.7
-68208.790,4382653.431,-1.7
-68207.070,4382663.174,-1.5
-68151.474,4382689.540,-2
-68173.254,4382701.576,-1
-68205.637,4382731.093,-1.9
-68233.149,4382748.861,-3.5
-68261.233,4382758.605,-4.5
-68203.345,4382772.074,-2
-68222.259,4382793.854,-4.4
-68239.740,4382812.768,-6
-68305.940,4382761.471,-6
-68348.926,4382768.062,-7.1
-68363.829,4382803.598,-7
-68342.622,4382829.963,-7.4
-68315.397,4382856.901,-8
-68281.867,4382865.785,-7
-68410.017,4382356.670,-1
-68519.864,4382373.520,-3.1
-68636.536,4382290.761,-4.9
-68632.057,4382314.224,-4.9
-68657.226,4382318.703,-6
-68683.248,4382296.307,-9.3
-68662.771,4382278.604,-4.9
-68667.464,4382267.299,-5.4
-68644.001,4382260.473,-3.1
-68612.007,4382255.354,-3.2
-68644.855,4382233.598,-3.6
-68622.459,4382224.853,-2.7
-68623.738,4382201.391,-2.5
-68603.689,4382187.953,-3.2
-68598.783,4382174.515,-2
-68592.811,4382181.981,-3.1
-68582.359,4382174.302,-2.7
-68577.667,4382166.197,-2.2
-68572.974,4382153.613,-1.2
-68542.260,4382167.690,-1.4
-68585.772,4382223.360,-1.9
-68556.124,4382182.194,-2.8
-68552.071,4382213.975,-3.2
-68576.813,4382243.410,-2.1
-68542.899,4382244.263,-3.8
-68525.409,4382224.427,-2.6
-68524.556,4382182.834,-2.3
-68504.933,4382203.737,-1.3
-68602.196,4382277.537,-2.9
-68559.110,4382264.099,-2.4
-68572.547,4382281.590,-2.1
-68555.271,4382303.346,-2.7
-68540.553,4382282.656,-3.5
-68527.116,4382263.886,-3.3
-68514.531,4382249.382,-2.7
-68500.240,4382229.546,-1.8
-68471.446,4382259.194,-1.9
-68484.670,4382269.645,-2
-68503.440,4382279.670,-2.4
-68521.997,4382302.066,-2.6
-68496.401,4382313.797,-1.9
-68473.578,4382296.734,-1.6
-68453.742,4382279.883,-1.4
-68441.584,4382309.958,-1.3
-68586.625,4382306.972,-3.5
-68572.761,4382321.902,-3.3
-68600.276,4382330.648,-4.4
-68591.744,4382337.900,-4.9
-68537.567,4382325.528,-2.9
-68519.650,4382336.833,-2.3
-68550.791,4382350.697,-3.8
-68546.312,4382364.775,-4.2
-68567.428,4382377.573,-4.8
-68564.869,4382391.650,-5.2
-68546.312,4382401.675,-4.6
-68489.789,4382348.564,-2
-68465.473,4382329.155,-1.5
-68430.706,4382336.407,-1.4
-68460.141,4382356.243,-1.7
-68490.855,4382374.586,-2.7
-68459.714,4382399.755,-2.3
-68435.185,4382375.440,-1.6
-68401.911,4382387.171,-1
-68376.316,4382401.888,-1.4
-68399.138,4382416.179,-2.1
-68419.188,4382469.076,-3.4
-68411.723,4382457.772,-2
-68384.208,4382449.453,-3.5
-68354.133,4382431.110,-2.2
-68330.884,4382452.652,-1.3
-68358.186,4382468.650,-2.5
-68365.864,4382486.566,-3.6
-68388.260,4382484.433,-3.4
-68419.828,4382496.165,-4.2
-68415.989,4382501.710,-3.4
